name=GeneralizedHyperLogLog;numRegisters=4096;q=254;base=1.19999999999999996e+00;a=2.44140625000000000e-04;registerStateType=registers with lower bound;numExamples=1000;
trueDifference1;trueDifference2;trueIntersection;true1;true2;trueUnion;trueJaccard;trueCosine;trueInclusionCoefficient1;trueInclusionCoefficient2;trueAlpha;trueBeta;newMeanDifference1;newMeanDifference2;newMeanIntersection;newMean1;newMean2;newMeanUnion;newMeanJaccard;newMeanCosine;newMeanInclusionCoefficient1;newMeanInclusionCoefficient2;newMeanAlpha;newMeanBeta;newMSEDifference1;newMSEDifference2;newMSEIntersection;newMSE1;newMSE2;newMSEUnion;newMSEJaccard;newMSECosine;newMSEInclusionCoefficient1;newMSEInclusionCoefficient2;newMSEAlpha;newMSEBeta;newKnownCardMeanDifference1;newKnownCardMeanDifference2;newKnownCardMeanIntersection;newKnownCardMean1;newKnownCardMean2;newKnownCardMeanUnion;newKnownCardMeanJaccard;newKnownCardMeanCosine;newKnownCardMeanInclusionCoefficient1;newKnownCardMeanInclusionCoefficient2;newKnownCardMeanAlpha;newKnownCardMeanBeta;newKnownCardMSEDifference1;newKnownCardMSEDifference2;newKnownCardMSEIntersection;newKnownCardMSE1;newKnownCardMSE2;newKnownCardMSEUnion;newKnownCardMSEJaccard;newKnownCardMSECosine;newKnownCardMSEInclusionCoefficient1;newKnownCardMSEInclusionCoefficient2;newKnownCardMSEAlpha;newKnownCardMSEBeta;inclExclMeanDifference1;inclExclMeanDifference2;inclExclMeanIntersection;inclExclMean1;inclExclMean2;inclExclMeanUnion;inclExclMeanJaccard;inclExclMeanCosine;inclExclMeanInclusionCoefficient1;inclExclMeanInclusionCoefficient2;inclExclMeanAlpha;inclExclMeanBeta;inclExclMSEDifference1;inclExclMSEDifference2;inclExclMSEIntersection;inclExclMSE1;inclExclMSE2;inclExclMSEUnion;inclExclMSEJaccard;inclExclMSECosine;inclExclMSEInclusionCoefficient1;inclExclMSEInclusionCoefficient2;inclExclMSEAlpha;inclExclMSEBeta;inclExclKnownCardMeanDifference1;inclExclKnownCardMeanDifference2;inclExclKnownCardMeanIntersection;inclExclKnownCardMean1;inclExclKnownCardMean2;inclExclKnownCardMeanUnion;inclExclKnownCardMeanJaccard;inclExclKnownCardMeanCosine;inclExclKnownCardMeanInclusionCoefficient1;inclExclKnownCardMeanInclusionCoefficient2;inclExclKnownCardMeanAlpha;inclExclKnownCardMeanBeta;inclExclKnownCardMSEDifference1;inclExclKnownCardMSEDifference2;inclExclKnownCardMSEIntersection;inclExclKnownCardMSE1;inclExclKnownCardMSE2;inclExclKnownCardMSEUnion;inclExclKnownCardMSEJaccard;inclExclKnownCardMSECosine;inclExclKnownCardMSEInclusionCoefficient1;inclExclKnownCardMSEInclusionCoefficient2;inclExclKnownCardMSEAlpha;inclExclKnownCardMSEBeta;collLowerBoundMeanJaccard;collUpperBoundMeanJaccard;collLowerBoundMSEJaccard;collUpperBoundMSEJaccard;
250;250;500;750;750;1000;0.5;0.66666666666666663;0.66666666666666663;0.66666666666666663;0.25;0.25;46.821205946010288;47.101159214747156;703.00264571245214;749.82385165846256;750.10380492719935;796.92501087321011;0.88215432868415855;0.93740319740299716;0.93759751089070686;0.93724240715744644;0.058744582693514333;0.059101088622326978;41302.960050237052;41189.592013588357;41254.562375006077;78.525786298859714;71.511206806296087;41307.508167792548;0.14604674443767604;0.073299778676930119;0.07343580393954767;0.073244658398246579;0.036610893421754824;0.036475776196998703;46.5874105803315;46.5874105803315;703.41258941966805;750;750;796.58741058033161;0.8830344770125883;0.9378834525595553;0.9378834525595553;0.9378834525595553;0.058482761493704349;0.058482761493704349;41377.34055392869;41377.34055392869;41377.340553928676;5.3508245874523975e-27;5.3508245874523975e-27;41377.340553928705;0.14671909424686211;0.073559716540317427;0.073559716540317427;0.073559716540317427;0.036679773561715527;0.036679773561715527;249.99556486155876;250.27551813029575;499.82828679690323;749.82385165846267;750.10380492719935;1000.0993697887586;0.49982885236460878;0.66648759544332892;0.66662610724531857;0.66637294718965323;0.2499432302452716;0.25022791739011957;58.727296453623566;56.326107687182962;49.162687806648954;78.525786298859629;71.511206806296073;135.40919530734996;6.5595170428371717e-05;5.1836630055047424e-05;6.7918626314757011e-05;6.7590537085229177e-05;3.6613223219251273e-05;3.6452859517699557e-05;250.09936978875862;250.09936978875862;499.90063021124166;750;750;1000.0993697887586;0.50005429570120252;0.66653417361498835;0.66653417361498835;0.66653417361498835;0.24997285214939877;0.24997285214939877;135.40919530734979;135.40919530734979;135.40919530734982;2.7788098702953273e-27;2.7788098702953273e-27;135.40919530734985;0.00030550236402561676;0.00024072745832417762;0.00024072745832417762;0.00024072745832417762;7.6375591006404189e-05;7.6375591006404189e-05;0.88303447748647834;0.88360466986600572;0.14671909459523644;0.14715615502365439;
272;228;500;772;728;1000;0.5;0.66695366670545919;0.64766839378238339;0.68681318681318682;0.27200000000000002;0.22800000000000001;76.040263566891454;32.004517913363316;696.01449493332746;772.05475850022003;728.01901284669225;804.05927641358255;0.86565657511307292;0.92839409470121681;0.90156629480086792;0.95605475341155999;0.094534806598511253;0.039808618288415677;38454.644797473447;38418.079581894941;38470.518843748177;77.795766453878457;67.762086969187791;38466.158277035793;0.13374840502327054;0.068364368905235923;0.064542903713741967;0.072496623375600394;0.031570240727060356;0.03542217386134415;75.836593691483856;31.836593691483944;696.16340630851596;772;728;803.83659369148404;0.86605242878253175;0.9286174729272535;0.90176607034781919;0.95626841525895168;0.094342554564211853;0.039605016653257608;38480.610908700146;38480.610908700146;38480.610908700153;6.1263064117208609e-27;6.0616829263651556e-27;38480.610908700139;0.13399723161967847;0.0684688886236334;0.064566516733167406;0.072607118155831263;0.031562839467877205;0.035493424928721116;271.74929932949777;227.71355367596979;500.30545917072197;772.05475850022003;728.01901284669225;999.76831217619008;0.50047270508737873;0.66734302699023185;0.64804743801380005;0.68723799271334063;0.27178375764642793;0.22774353726619287;65.947809020745424;53.200608499262756;53.99333403257252;77.795766453878599;67.762086969187763;129.10782490308833;7.3303421318741721e-05;5.7617531285480596e-05;7.3913139318035958e-05;7.3296185899209029e-05;4.1004608036615885e-05;3.610757855199542e-05;271.76831217618923;227.76831217618903;500.23168782381043;772;728;999.76831217619008;0.50054144000663747;0.66726271679270321;0.64796850754379631;0.6871314393184218;0.27173722111677884;0.22772133887658438;129.10782490308839;129.10782490308847;129.10782490308844;3.1794754795007001e-27;3.2957977531409697e-27;129.10782490308844;0.00029134915812709957;0.00022972268565857285;0.00021662968284901727;0.00024360702380277232;6.8626840987036754e-05;7.7173082958764927e-05;0.88312703124702008;0.88369631106700308;0.14678974692673985;0.14722621765350927;
295;205;500;795;705;1000;0.5;0.66786991641738425;0.62893081761006286;0.70921985815602839;0.29499999999999998;0.20499999999999999;115.19525594064473;25.018749560617977;679.90691480725502;795.10217074789887;704.92566436787297;820.12092030851807;0.82907989576358809;0.90818801235841906;0.85518083816060186;0.96451684651117064;0.14041111977149714;0.030508984464913597;32402.212517197517;32394.406619082441;32419.562140409904;83.057859330599143;64.633925782285843;32439.652448037261;0.10836615354182219;0.057775574325430207;0.051283012888200016;0.065178129092919951;0.023988886811872185;0.030448893741498798;114.97991587219447;24.979915872194287;680.02008412780651;795;705;819.97991587219303;0.82931420325470984;0.90832991349715908;0.85537117500352955;0.96456749521674578;0.14022232447028621;0.030463472275003598;32407.636993450393;32407.636993450396;32407.636993450422;5.635167923017501e-27;5.6997914083732064e-27;32407.636993450385;0.1084498668980708;0.057821735123690425;0.051275878317234957;0.065203233224587154;0.02395657559778392;0.03046356761166821;294.8686231818927;204.69211680186629;500.23354756600679;795.10217074789887;704.92566436787297;999.79428754976573;0.50038849235954985;0.6681895642995328;0.6291752145108972;0.70964969413361889;0.29489912178769528;0.20471238585275484;71.464303812147136;49.673717817233289;53.082049403917289;83.057859330599229;64.633925782285871;130.6514243926772;7.265530953877844e-05;5.6988526799264297e-05;7.1691753183656558e-05;7.510524561442411e-05;4.2347134408774583e-05;3.5246578156271157e-05;294.79428754976539;204.79428754976567;500.20571245023433;795;705;999.79428754976584;0.50050469764763039;0.66814469473127225;0.6291895754090997;0.70951164886558094;0.29476279210561318;0.20473251024675546;130.65142439267723;130.65142439267711;130.65142439267709;3.1407013882872769e-27;3.0502285087892894e-27;130.65142439267711;0.00029453529620143286;0.00023310838912115109;0.0002067187601640394;0.00026286690688129771;6.5062846930896557e-05;8.2734964702982507e-05;0.8831153943953689;0.88368478744378176;0.14678082755737959;0.14721737192854553;
316;184;500;816;684;1000;0.5;0.66926308979503701;0.61274509803921573;0.73099415204678364;0.316;0.184;153.12159238741881;21.095067824411707;663.03826737766849;816.15985976508807;684.13333520207891;837.25492758949849;0.79196920999766873;0.88733895036505972;0.81244646809165211;0.9691706320677248;0.18283387232532722;0.02519691767700475;26606.440307333854;26538.647908547042;26634.82885203671;87.346271040951677;61.548216289186193;26575.171194392227;0.085321649368525126;0.047581778464725437;0.039969810968232239;0.056728928453366821;0.017820201942635745;0.025219311407394231;153.07207290070076;21.072072900700501;662.9279270993004;816;684;837.07207290069903;0.79196123598653789;0.88734638560379231;0.81241167536678993;0.96919287587616909;0.18286567639013832;0.025173087623323528;26545.839342212992;26545.839342212977;26545.839342212977;6.4364991414282466e-27;6.2684780795034127e-27;26545.839342212992;0.085242875691434364;0.047560915000811568;0.039867237574209617;0.056739337193950488;0.017725062599774122;0.025226435660620359;315.95773966427316;183.93121510126605;500.20212010081411;816.15985976508819;684.13333520207891;1000.0910748663528;0.50020499270583196;0.66941822516598459;0.61290387187159256;0.73117040083339202;0.31589981155721286;0.18389519573695443;71.980837643899065;43.478104576062464;50.194713307600182;87.346271040951791;61.548216289186129;130.17605946040175;6.6186239553047191e-05;5.1695192722194071e-05;6.4357715632948917e-05;7.0910905390192869e-05;4.0609491416361126e-05;3.2046003133328284e-05;316.09107486635349;184.09107486635318;499.90892513364651;816;684;1000.0910748663523;0.50005882904408716;0.66914118370212006;0.61263348668339113;0.73086100165737944;0.31597317395589553;0.18396799700001656;130.1760594604016;130.17605946040158;130.17605946040166;2.7658851732241862e-27;2.6754122937261988e-27;130.17605946040172;0.0002935419063234304;0.00023323024069129436;0.00019550181940299649;0.00027823958538610504;6.1037929833268818e-05;8.6869617589730669e-05;0.88305297270516381;0.88362296734186918;0.14673284398618622;0.1471697819222775;
337;163;500;837;663;1000;0.5;0.67119777961612348;0.59737156511350065;0.75414781297134237;0.33700000000000002;0.16300000000000001;191.88974739913152;17.942614145400459;645.14866786793152;837.03841526706219;663.09128201333169;854.98102941246361;0.75462804689128393;0.86598341203078877;0.77080870822351921;0.97294496530128338;0.2243852990484845;0.020986654060231896;21137.670140982656;21042.088358386201;21119.527235167647;93.696277194287461;57.587724477948711;21126.801861531691;0.064908481675074056;0.037966343944645188;0.03016253161368029;0.04787289102164892;0.012762562232531234;0.020168368072087522;191.93103562611623;17.931035626116557;645.06896437388298;837;663;854.93103562611691;0.75452817065312328;0.86593771317404589;0.77069171370834222;0.97295469739650686;0.22449854857132009;0.020973280775557442;21045.289910492447;21045.289910492451;21045.289910492458;6.7854659623490554e-27;5.7773395908000528e-27;21045.289910492447;0.064785792387724903;0.037924156175258662;0.030040281414810608;0.047877102139806164;0.012656811544035501;0.020171963461011532;336.80602241722744;162.85888916349586;500.23239284983589;837.03841526706219;663.09128201333158;999.89730443055907;0.50033548131129779;0.67146511922171837;0.597655965813913;0.75441689698571213;0.33680775703715315;0.16285676165154916;78.956267296904429;39.736695125079237;49.435046854364657;93.696277194287291;57.587724477948633;135.8285128981739;6.7292099382257258e-05;5.2193541856231745e-05;6.3701483130534513e-05;7.1631101776229079e-05;4.1530207922818642e-05;3.0065682150904527e-05;336.89730443055851;162.89730443055879;500.10269556944115;837;663;999.89730443055907;0.50035825761126118;0.67133563769249416;0.59749425993959693;0.7543027082495346;0.33684165013582273;0.16280009225291622;135.82851289817401;135.82851289817401;135.82851289817413;3.8515597272000349e-27;2.6624875966550577e-27;135.82851289817384;0.00030716108665481773;0.00024476648970443845;0.00019388313342179594;0.00030900384899338641;6.0008218533231738e-05;9.5638904585190561e-05;0.8830492811505114;0.88361932268057553;0.14673027787214712;0.1471672425568194;
356;144;500;856;644;1000;0.5;0.6734264783084245;0.58411214953271029;0.77639751552795033;0.35599999999999998;0.14399999999999999;227.46306417095994;15.442525749106016;628.67031103647412;856.13337520743539;644.11283678558061;871.57590095654052;0.72135445986259283;0.84660453317286244;0.73436964533929416;0.97602849222362031;0.26092692672181639;0.017718613415591007;16606.691520780842;16527.363665578316;16605.80566462782;100.43779171287892;54.849982743454881;16595.433706375199;0.049067371380704723;0.030015277470953828;0.022653934571965347;0.039853109321095752;0.0091144968794398921;0.015947418149752025;227.43472312847436;15.434723128474555;628.5652768715255;856;644;871.43472312847427;0.72129985885967018;0.84658500158110295;0.7343052299900994;0.97603303862038149;0.26098859392958179;0.017711547210748167;16529.266263747952;16529.266263747952;16529.266263747955;6.6303695974953626e-27;5.6610173171597832e-27;16529.266263747944;0.048974547992004909;0.029984302010920168;0.022558283288589522;0.039854910747434399;0.0090273369493387261;0.015949073065542087;355.96851993948661;143.9479815176324;500.16485526794742;856.13337520743539;644.11283678558095;1000.0813567250671;0.50017455869588057;0.67355394300937688;0.58424875880928184;0.77653850756398546;0.35590571947209798;0.14391972183202131;82.969343591614248;35.632859807666101;48.567368023985217;100.43779171287898;54.849982743454994;137.21902001911775;6.4761347904027729e-05;4.980966155684185e-05;6.0524463292358286e-05;7.0046719582744302e-05;4.1592152218375631e-05;2.8141002864400927e-05;356.08135672506614;144.08135672506691;499.91864327493386;856;644;1000.0813567250669;0.50008412741027852;0.67331690276272793;0.58401710662959505;0.77627118520952343;0.3559638812985203;0.14395199129120098;137.21902001911778;137.21902001911775;137.21902001911775;5.0664812518872947e-27;2.5849394142282116e-27;137.21902001911781;0.00030987428922699876;0.00024891707062154933;0.00018726938490686614;0.00033085871498764944;5.7118232540821408e-05;0.00010091379875157045;0.88299611902619157;0.88356667499470309;0.14668946227055282;0.14712676270206945;
374;126;500;874;626;1000;0.5;0.6759695320035104;0.57208237986270027;0.79872204472843455;0.374;0.126;261.12155509184964;13.24575310669794;613.00425991120392;874.12581500305407;626.25001301790144;887.37156810975216;0.69086130855443584;0.82853798860568495;0.70133303402413949;0.97885159658915388;0.29421098261429407;0.014927708831270901;12831.224689594539;12713.772797408103;12816.382516409583;105.35665179463105;50.31309258805036;12792.257627445868;0.036494457583383239;0.02330158844823561;0.016777479555483046;0.032447137221067922;0.0064373674598505112;0.012337367139843604;261.23752519775832;13.237525197757853;612.7624748022422;874;626;887.23752519775712;0.6906412524177975;0.82841752664276924;0.70110122975084943;0.97885379361380687;0.29443905065763953;0.014919696924563941;12715.56505204801;12715.565052048009;12715.56505204801;6.2297039882899895e-27;6.2555533824322716e-27;12715.565052048018;0.036344774664925743;0.023240737112698463;0.016646111478889301;0.032447930090253117;0.0063300644073744257;0.012339067151975486;374.02963445838606;126.15383247323469;500.09618054466813;874.12581500305407;626.25001301790144;1000.2796474762893;0.50000417394964514;0.67593078928407202;0.57214464516041663;0.79857355044379774;0.3738902617024476;0.12610556434790768;86.252775743154345;31.883085949864014;48.666654031682228;105.35665179463095;50.313092588050381;133.11186451412047;6.3350984072742315e-05;4.8312303495963198e-05;5.8268445566835745e-05;6.9316264126559693e-05;4.1777288661439549e-05;2.6490385251635008e-05;374.27964747628835;126.27964747628826;499.72035252371154;874;626;1000.2796474762893;0.4997802161694937;0.67559146565616501;0.57176241707518505;0.7982753235203065;0.37409172311859756;0.12612806071190846;133.11186451412041;133.11186451412041;133.11186451412036;5.7385654995866296e-27;2.7917345673664684e-27;133.11186451412047;0.00029967478747775769;0.0002432937771220425;0.00017425847194324796;0.00033967853227582243;5.2193492007837154e-05;0.00010173972353749333;0.88295644806596596;0.88352739016724091;0.14665905849667199;0.14709661017638703;
390;110;500;890;610;1000;0.5;0.67859410645749296;0.5617977528089888;0.81967213114754101;0.39000000000000001;0.11;291.04463681360915;11.368951827908232;598.8226738655743;889.86731067918367;610.19162569348157;901.23626250708992;0.66449680496689234;0.81266660185415029;0.67298849133149174;0.98137061776878043;0.3228880158888966;0.012615179144209608;9883.0328754544771;9728.2971984160886;9810.029463030849;110.75301397229444;47.477612221354903;9867.0930995099316;0.027120036227830623;0.017998650863500408;0.012428141794356468;0.026146841652164403;0.0045683555095880806;0.0094840530753040435;291.36368183152865;11.363681831528719;598.63631816847226;890;610;901.36368183152911;0.66414549119433497;0.81246215484107587;0.67262507659378767;0.98137101339093991;0.3232475002476381;0.012607008558028611;9729.2895525048425;9729.2895525048461;9729.2895525048461;5.4154480728081028e-27;4.3556229129745366e-27;9729.2895525048389;0.026944309223100944;0.017920960678771098;0.012282905633764439;0.026146975416567648;0.0044559899830737262;0.0094855943713858942;389.74624675825459;110.07056177255298;500.12106392092846;889.86731067918379;610.19162569348157;999.9378724517353;0.50020100893809638;0.67871867426316512;0.56205323355924075;0.8196303282730617;0.38973437830832525;0.1100646127535785;89.305655425418763;28.96028749404028;46.480782585571212;110.75301397229451;47.47761222135491;137.57764900410413;6.1142268674112491e-05;4.6232886336010392e-05;5.4838933458346067e-05;6.753936514428012e-05;4.0412633125021226e-05;2.4532761296324075e-05;389.93787245173621;109.93787245173587;500.0621275482639;890;610;999.93787245173519;0.50029971445056221;0.67867842523369437;0.56186755904299346;0.81977397958731923;0.38987811612343709;0.10982216942599933;137.57764900410402;137.57764900410413;137.57764900410407;5.1698788284564233e-27;2.8692827497933148e-27;137.57764900410399;0.00031014366496822607;0.00025341250507294918;0.00017368722257808845;0.0003697329992047947;5.1290870104300986e-05;0.00010918435423170331;0.88300617719743357;0.88357664338027742;0.14669736558576929;0.1471346047538927;
405;95;500;905;595;1000;0.5;0.68137662671464483;0.5524861878453039;0.84033613445378152;0.40500000000000003;0.095000000000000001;319.38651974287097;9.6830261116998848;585.51353613298522;904.90005587585745;595.19656224468406;914.58308198755708;0.64024544849183207;0.79784041592152688;0.64709819189517925;0.98373340774197271;0.34916685173987083;0.010587699768298065;7421.1626616578224;7279.1519133678539;7355.0478553200683;114.39736266439014;45.262015674426124;7412.1744603678408;0.019724561731991372;0.013585813579074145;0.0090102401325858027;0.020563147195565123;0.0031759536447939943;0.007125626354845465;319.67888075409422;9.6788807540941377;585.32111924590652;905;595;914.67888075409269;0.63992005333126556;0.79764825955323027;0.64676366767503246;0.98373297352253064;0.34949837884526447;0.010581567823469964;7279.8266295204039;7279.8266295204048;7279.8266295204003;6.9405623272027483e-27;4.4460957924725234e-27;7279.8266295204012;0.019578049698741083;0.013519340042751115;0.0088884058844606699;0.020563029812923975;0.0030804973531541441;0.0071266276242272827;404.79153340075572;95.088039769584029;500.10852247510098;904.90005587585756;595.19656224468395;999.98809564544047;0.50016211538201272;0.68146494595886709;0.55270315869488085;0.84025410796394062;0.40475952998611914;0.095078354631867548;92.609649281097276;24.178972325955996;45.601198690934403;114.39736266439012;45.262015674426159;138.09516357834468;5.8856279037933805e-05;4.363783839415668e-05;5.3052230675246706e-05;6.0861090145284662e-05;4.0289214457329357e-05;2.0886903883116151e-05;404.98809564544058;94.988095645440751;500.01190435455936;905;595;999.98809564544035;0.50022510131675357;0.68139284941255218;0.55249934182824167;0.84035614177237006;0.40491070981102134;0.094864188872225252;138.0951635783446;138.09516357834462;138.0951635783446;5.6997914083732064e-27;2.7788098702953273e-27;138.09516357834465;0.00031114845675653621;0.00025645603524461627;0.00016860921654204055;0.0003900717846997941;4.8957481068103382e-05;0.00011326149546445423;0.88297946391590265;0.88355018862081092;0.14667685683376908;0.14711426467877933;
418;82;500;918;582;1000;0.5;0.68404893552479462;0.54466230936819171;0.85910652920962194;0.41799999999999998;0.082000000000000003;343.81619473211816;8.2645610038147836;573.97110884834171;917.78730358046062;582.23566985215746;926.05186458427477;0.61985046107477793;0.78519752432318501;0.62543341369281968;0.9858070868011608;0.37122476925706593;0.0089247696681565743;5595.0148209825675;5437.0515277701488;5512.3821157973225;116.61379473559323;42.887378925050655;5586.423117135243;0.014415756032165735;0.010252035549861406;0.0065778615404185805;0.016053363029938462;0.002241694094833005;0.0053401421845514635;344.26098152723085;8.2609815272316247;573.73901847276886;918;582;926.2609815272325;0.61941421473631819;0.78493112971067736;0.62498803755203658;0.98580587366454864;0.37166728468230764;0.0089185005813733256;5437.5572561816107;5437.5572561816089;5437.5572561816098;7.5092489983329539e-27;4.4848698836859466e-27;5437.557256181607;0.014260104441058305;0.010177431245613908;0.0064523583714022822;0.01605306165545288;0.0021467731629746718;0.0053410365577717459;417.73620668267858;82.184572954375497;500.0510968977818;917.78730358046062;582.23566985215746;999.9718765348357;0.50011035042439389;0.6840739078806557;0.54487914837170159;0.85885735917519013;0.41771182227485637;0.082177827300749184;92.743590382345971;20.885815046212411;44.249659419926019;116.61379473559326;42.887378925050633;136.11863018850428;5.5554001571506004e-05;4.0550821193082992e-05;4.9756364753031472e-05;5.6085738877372734e-05;3.8941984888546097e-05;1.8499196974750747e-05;417.97187653483553;81.971876534835701;500.02812346516447;918;582;999.9718765348357;0.50024644095312254;0.68408741117761274;0.54469294495115883;0.85915485131471614;0.41790438091018844;0.081849178136689349;136.11863018850426;136.11863018850428;136.11863018850428;5.9453606527248867e-27;2.8951321439355969e-27;136.11863018850431;0.0003066210447788669;0.00025477212187802602;0.00016152219491613425;0.00040185705821997966;4.6159958565189656e-05;0.00011484307259565584;0.8829585685223198;0.88352949460906016;0.14666079460420406;0.14709833419564253;
430;70;500;930;570;1000;0.5;0.68673803619194096;0.5376344086021505;0.8771929824561403;0.42999999999999999;0.070000000000000007;366.68184847464835;6.9765332195230743;563.21247869332092;929.89432716796887;570.18901191284317;936.87086038749283;0.60120870152837413;0.77349110870601101;0.60572030077971251;0.98776588907701524;0.39134444699072674;0.0074468514808990324;4104.436845967477;3972.0698913379815;4035.6483289207958;119.99062491016609;41.66001319055367;4106.5752245965523;0.01029319574939272;0.0075470296038632825;0.0046874778271716174;0.012226661584606904;0.0015459870946579752;0.0039130202376525241;366.97396778639819;6.973967786398382;563.02603221360187;930;570;936.97396778639722;0.60089844276594451;0.77330278337461766;0.60540433571354879;0.98776496879579234;0.3916585917489418;0.0074429654851146353;3972.3778499463242;3972.3778499463201;3972.3778499463224;6.9793364184161715e-27;4.5365686719705109e-27;3972.3778499463224;0.010180779303475112;0.0074936386529830682;0.004592875303441245;0.012226463065393439;0.0014701045314218088;0.0039134915642558442;429.8049888200747;70.099673564950663;500.08933834789337;929.89432716796887;570.18901191284317;999.99400073291963;0.50013591615630792;0.68679914631125316;0.53782635226192799;0.87706730494000562;0.42977126052853626;0.070092823315156663;95.288092939675408;18.273722553998294;44.158609736085921;119.99062491016625;41.660013190553641;135.12002196947518;5.4089942294500467e-05;3.8674491731673937e-05;4.8507731902203321e-05;5.2271356841168954e-05;3.9215273112262423e-05;1.6623308133380116e-05;429.99400073291946;69.994000732919218;500.0059992670806;930;570;999.99400073291963;0.50021173693367715;0.68674627604172833;0.53764085942696782;0.87720350748610576;0.4299195399652026;0.069868723101120217;135.1200219694752;135.1200219694752;135.12002196947515;5.3378998903812564e-27;2.6366382025127755e-27;135.12002196947515;0.00030431249786256882;0.00025489534421708191;0.00015622617871369543;0.0004158818774068175;4.394272469135494e-05;0.0001169777241783713;0.88294322771394707;0.88351430176182566;0.14664900486315807;0.1470866412094208;
440;60;500;940;560;1000;0.5;0.68914730802496416;0.53191489361702127;0.8928571428571429;0.44;0.059999999999999998;385.55396713340195;5.9317203974625512;554.28168384866206;939.83565098206407;560.21340424612367;945.76737137952773;0.58610753684755024;0.76389960486410302;0.58980745398789269;0.98941305589372974;0.40762058006379404;0.0062718830886575863;3058.7955354736641;2923.4672633256173;2986.6898936762109;121.15149955503037;41.89479271681023;3063.7076621344563;0.0074617450679833356;0.0056081572954736472;0.0034001978600245448;0.0093232828651817964;0.0010970656786918769;0.0028868045653495434;385.92933212675308;5.9293321267527794;554.07066787324686;940;560;945.92933212675382;0.58574227113513877;0.76367261844088496;0.58943688071621991;0.98941190691651293;0.40798955210954863;0.0062681767553128724;2923.7131495323988;2923.7131495323965;2923.7131495323947;7.34122793640812e-27;5.0664812518872947e-27;2923.7131495323988;0.0073519507522924422;0.0055541663175007463;0.0033088650402132167;0.0093230648900905263;0.001024698558186181;0.0028871927487669371;439.76410126253347;60.14185452659396;500.07154971953003;939.83565098206407;560.21340424612367;999.97750550865612;0.50012604536387295;0.68919071049762692;0.53211980437294715;0.89265724107954825;0.43973879495318319;0.060135159682943841;95.601704507308767;15.125744242040916;40.114337186840615;121.15149955503041;41.894792716810258;138.74786857388523;4.8817333707445951e-05;3.389323143999796e-05;4.4853550325131588e-05;4.3990988850499887e-05;3.7931986578986285e-05;1.3668015670587298e-05;439.97750550865823;59.977505508657451;500.02249449134183;940;560;999.97750550865624;0.50024195438763364;0.68917831206127189;0.5319388239269609;0.89289731159168306;0.43990967036194945;0.059848375250416183;138.74786857388526;138.7478685738852;138.74786857388509;5.5834691347329367e-27;2.5849394142282116e-27;138.74786857388526;0.00031257249466248269;0.00026357877768595219;0.00015702565479163122;0.00044243580540141936;4.3565659700513218e-05;0.00012275069168167553;0.88293000175331182;0.88350120225006523;0.14663881367552861;0.14707653310391355;
449;51;500;949;551;1000;0.5;0.69145050587346857;0.52687038988408852;0.90744101633393826;0.44900000000000001;0.050999999999999997;402.54336644131581;4.9998223531674792;546.2363548233925;948.7797212647074;551.23617717655895;953.77954361787499;0.57275010352182765;0.75533226106896467;0.57576888828723927;0.99093091536959643;0.42200778585208237;0.0052421106260895287;2256.6944113964755;2116.088423815771;2176.8757132775481;127.19783339390155;40.468298694367142;2264.7601525151167;0.0053385842806828541;0.0041010458581480476;0.0024381558233520927;0.0069707700401602539;0.00077565037748300808;0.0020938599412532559;402.99776239419464;4.9977623941941518;546.00223760580548;949;551;953.99776239419305;0.57233084174781879;0.75506704680115921;0.57534482360991146;0.99092965082723261;0.42243047079796803;0.0052386874542132093;2116.2694256209979;2116.2694256209993;2116.2694256210002;6.5657461121396573e-27;4.3426982159033956e-27;2116.2694256209957;0.0052319233672848704;0.0040471858343982363;0.0023498413011100333;0.0069705614461777147;0.0007059631849915827;0.0020941668517778338;448.68295761897571;51.139413530827746;500.09676364573215;948.7797212647074;551.23617717655895;999.91913479553557;0.50018146193251178;0.69153342720462108;0.52713261994150962;0.90723954630038661;0.44868210209702208;0.051136435970466049;100.00240811498234;12.887519950437392;38.62411312751825;127.19783339390166;40.468298694367107;143.11884551832105;4.7267713161642303e-05;3.1905200922960927e-05;4.3856614880884119e-05;3.9112750079628116e-05;3.8099302291634821e-05;1.1803096641586252e-05;448.91913479553563;50.919134795535442;500.08086520446437;949;551;999.91913479553568;0.50033627932398661;0.6915623344465377;0.52695560084769666;0.90758777714058858;0.44887647339498848;0.050787247281024302;143.11884551832105;143.118845518321;143.11884551832102;5.8936618644403224e-27;2.8175839615087505e-27;143.11884551832114;0.00032305921540467587;0.00027370265676224492;0.0001589148196796594;0.00047140439431464547;4.3591600380477887e-05;0.00012930997886785207;0.88288663512904675;0.88345826462081556;0.14660574293159465;0.14704373909006949;
450;450;100;550;550;1000;0.10000000000000001;0.18181818181818182;0.18181818181818182;0.18181818181818182;0.45000000000000001;0.45000000000000001;64.735780865916212;65.008683641112128;485.36028769279238;550.09606855870834;550.36897133390391;615.10475219981993;0.78908402385882759;0.88213448814469309;0.88237865347461164;0.88194499822898198;0.10523811340817882;0.10567786273299394;148448.5072423699;148238.94123966596;148514.60263819431;36.701057114008506;39.237385985975571;148173.68901905627;0.47484356584117443;0.49044552576719946;0.49083526265855709;0.49022865304471686;0.11891155423134864;0.11860934437170986;64.590173765954432;64.590173765954432;485.40982623404591;550;550;614.59017376595523;0.78981382024700153;0.88256332042554031;0.88256332042554031;0.88256332042554031;0.10509308987649937;0.10509308987649937;148541.41629058158;148541.41629058158;148541.41629058158;2.287671381591967e-27;2.287671381591967e-27;148541.41629058152;0.47584889340132641;0.49104600426638545;0.49104600426638545;0.49104600426638545;0.1189622233503316;0.1189622233503316;450.05379586766708;450.32669864286294;100.04227269104102;550.09606855870834;550.36897133390391;1000.4227672015717;0.10006746734016497;0.18182906233207283;0.18188250234382142;0.18178688299962256;0.44983001966123903;0.45010251299859505;93.466228518270228;91.882309243395866;58.510312328691604;36.70105711400852;39.237385985975614;127.68140064797842;7.080502344411412e-05;0.00019301518871747711;0.00019611178448876643;0.00019404518544713646;3.7466068172623291e-05;3.5458693034045819e-05;450.4227672015715;450.4227672015715;99.577232798428724;550;550;1000.4227672015716;0.099675304737988094;0.18104951417896134;0.18104951417896134;0.18104951417896134;0.45016234763100643;0.45016234763100643;127.68140064797832;127.68140064797832;127.68140064797841;3.1148519941449947e-27;3.1148519941449947e-27;127.68140064797828;0.00015433052478988624;0.00042208727486934953;0.00042208727486934953;0.00042208727486934953;3.8582631197471553e-05;3.8582631197471553e-05;0.78981382818963164;0.79165482875731963;0.47584890436590604;0.47839198813140299;
457;43;500;957;543;1000;0.5;0.69360804320185654;0.52246603970741901;0.92081031307550643;0.45700000000000002;0.042999999999999997;417.80447019005936;4.176003154090977;538.97273853273362;956.7772087227919;543.14874168682388;960.95321187688398;0.56091478213791879;0.74767164661109331;0.56336343440150594;0.99231252461703867;0.43473954068766318;0.0043456771744188587;1635.274398807029;1507.3643977792667;1556.6177629638071;128.74384818932376;38.909232885530258;1654.4314811094184;0.0037542168898950599;0.0029423685099694459;0.0017170799329822733;0.0051127523222597665;0.00054003549177898864;0.0014942208377982671;418.17479469440877;4.1747946944096785;538.82520530559134;957;543;961.17479469440957;0.56059033008285986;0.74746699255969939;0.5630357422210982;0.99231161198083229;0.43506630051000417;0.0043433694071355064;1507.4520668836633;1507.4520668836615;1507.452066883664;7.0439599037718768e-27;4.2005265481208438e-27;1507.4520668836635;0.0036713344336123856;0.0029008932281159102;0.0016459613614074639;0.0051126239766241879;0.00048110634951830039;0.0014943946531953151;456.65546904399736;43.027002008028866;500.12173967879585;956.7772087227919;543.14874168682388;999.80421073082198;0.50026256018264204;0.6937794098081429;0.52275217557301445;0.92079356303360815;0.45670829105298549;0.043029148764371902;99.788671505622887;11.35764305433109;37.437096499932721;128.74384818932384;38.909232885530301;142.11966554695377;4.4962413923408706e-05;2.9806641107976242e-05;4.1612863748088272e-05;3.5968908693040259e-05;3.6904501615182725e-05;1.0576666574589074e-05;456.8042107308205;42.804210730820941;500.19578926917956;957;543;999.80421073082186;0.50050723715097167;0.69387964522560641;0.52267062619558902;0.92117088263200553;0.45681638015134829;0.042676382697679906;142.11966554695363;142.11966554695374;142.11966554695377;6.0229088351517331e-27;2.7788098702953273e-27;142.11966554695374;0.00032101911059650398;0.00027349060339911576;0.00015517805396626934;0.00048200830101833062;4.2067628329008373e-05;0.00013066890285364372;0.88290832016269793;0.88347973684462944;0.14662232052909754;0.14706017881539279;
463;37;500;963;537;1000;0.5;0.69529597919314345;0.51921079958463134;0.93109869646182497;0.46300000000000002;0.036999999999999998;429.22893101741926;3.5810264246880976;533.61326198560562;962.84219300302516;537.1942884102931;966.42321942771196;0.55219505315288597;0.74198040968719725;0.55424910854682796;0.99333464308307085;0.4440995483121592;0.0037053985349551383;1242.9839494497062;1116.8776377352799;1167.4423929250333;131.9579841464529;38.55969715306194;1260.350151750617;0.0027679714413574113;0.0021992632754626604;0.0012720199365198277;0.0038734693530766305;0.000401549981439265;0.0011085816433398362;429.57973640883506;3.579736408834802;533.42026359116517;963;537;966.57973640883517;0.55186376916062363;0.74176992899016703;0.55391512314762692;0.9933338241921158;0.44443277064049685;0.0037034601988789784;1116.9594429842564;1116.9594429842562;1116.9594429842546;8.6207729464510858e-27;4.5494933690416519e-27;1116.9594429842566;0.0026899676669889434;0.0021599158491451016;0.0012044390560653386;0.0038733686456736216;0.00034475701607197123;0.0011087078334968336;462.68888057161837;37.040975978887403;500.15331243140611;962.84219300302527;537.19428841029332;999.88316898191169;0.50025568419637267;0.69545702189947267;0.51949364863401049;0.93105655996818615;0.46270475858096149;0.0370395572226659;104.12416410964067;9.9357446914599343;37.838575667959589;131.9579841464531;38.559697153062132;144.1522906238053;4.589970238911531e-05;2.9686478078829353e-05;4.2624195991881318e-05;3.2552811160338188e-05;3.813619229894443e-05;9.3249450503289842e-06;462.88316898191164;36.883168981911993;500.11683101808819;963;537;999.88316898191169;0.50039179997844829;0.69545844346738661;0.5193321194372672;0.93131625887912095;0.46285973560771532;0.036748464413836487;144.1522906238055;144.1522906238055;144.1522906238055;6.2555533824322716e-27;2.7788098702953273e-27;144.15229062380527;0.00032544888078686845;0.00027875391462473805;0.00015544221407423107;0.00049988830499743528;4.1710830357168162e-05;0.00013413831250063879;0.88286627018793162;0.88343809738955092;0.14659012302683416;0.14702824800378836;
469;31;500;969;531;1000;0.5;0.6970450625606176;0.51599587203302377;0.94161958568738224;0.46899999999999997;0.031;440.71982451769622;2.9830260759787768;528.18070527760221;968.90052979529764;531.16373135358015;971.88355587127694;0.5435018469669779;0.73627107039933581;0.54517552984837769;0.9943848208219368;0.45342881015249958;0.0030693428805229706;902.02455939482695;784.99064678720333;830.76641249322313;134.14692150359832;37.494394747111606;925.42534624098812;0.0019336253977850339;0.0015576461720530157;0.0008932940851221515;0.0027842978107577064;0.00028437534973713727;0.00078016251795464406;440.98200010873211;2.9820001087316355;528.01799989126789;969;531;971.98200010873109;0.54323851439856075;0.73610467953468317;0.54491021660605699;0.99438418058619216;0.45369356590290916;0.0030679196985295039;785.04476388753073;785.04476388753062;785.04476388752983;7.8323664251114806e-27;4.2005265481208438e-27;785.04476388753119;0.001869661014902411;0.0015257245104599055;0.00083607813731084518;0.002784231733777121;0.0002342984397435097;0.00078023945609501457;468.77686853556213;31.040070093844282;500.12366125973637;968.90052979529742;531.16373135358015;999.94059988914262;0.50019706950879617;0.69716214510697372;0.51621509494233564;0.94156924256302343;0.46876622189489209;0.031036708596312142;105.35516911432501;8.1297228579567271;37.214194844630022;134.14692150359812;37.494394747111613;145.44724967983353;4.4686653507463265e-05;2.8202693042063058e-05;4.1588629292764541e-05;2.7529207225670356e-05;3.7483909545488296e-05;7.6735257894241193e-06;468.94650548079693;30.946505480797011;500.05349451920301;969;531;999.94650548079733;0.50029805469313782;0.69711963874158633;0.51605107793519422;0.94172032866140121;0.46889448863862981;0.030807456668233302;145.04622698445431;145.04622698445425;145.04622698445428;5.6997914083732064e-27;2.6495628995839166e-27;145.04622698445436;0.00032721558794626687;0.00028189549671541782;0.00015447524123414545;0.00051441946575751427;4.1005348619074321e-05;0.00013655230029938414;0.88285225566353842;0.88342422179570979;0.14657944283576751;0.14701765727633478;
474;26;500;974;526;1000;0.5;0.69855025225882217;0.51334702258726894;0.95057034220532322;0.47399999999999998;0.025999999999999999;450.13976955795681;2.4891736196538186;523.6775781568706;973.81734771482718;526.16675177652451;976.30652133448189;0.53642567133615338;0.73159733000475224;0.53779712460015106;0.99526987295902303;0.46102471480876717;0.0025496138550795016;670.19451940003717;552.79048744185468;596.40475403180312;132.41930671556887;36.472513702723219;694.35358215559847;0.0013664255758911873;0.0011105658385716464;0.00063789640339911348;0.0019981530796080406;0.00020850677910483085;0.00054995290975254417;450.48838621430343;2.4883862143034428;523.51161378569611;974;526;976.48838621430525;0.53611662701840701;0.73139833974084412;0.53748625645348735;0.9952692277294618;0.4613351027922124;0.0025482701893810638;552.82532072343338;552.82532072343361;552.82532072343417;9.5642758326443824e-27;4.2134512451919849e-27;552.82532072343349;0.0013044833565341552;0.0010790541156054218;0.00058273353676432764;0.0019980964041819088;0.00016040854984553039;0.00055001424566373462;473.72673484087119;26.076138902568712;500.09061287395616;973.81734771482741;526.16675177652462;999.89348661739587;0.50018431096871785;0.69864672973211961;0.51357327368657291;0.95044711513155933;0.47374047567649819;0.026075213354783983;102.51416336217629;6.4643654079957189;36.068349617060733;132.41930671556875;36.472513702723234;140.68350849862125;4.145494610334952e-05;2.5355180905487602e-05;3.9289550992360749e-05;2.2455120113417995e-05;3.6308769084582713e-05;6.1815297778734569e-06;473.93295540142947;25.9329554014294;500.0670445985707;974;526;999.93295540142913;0.50030830909413804;0.69864392030131117;0.51341585687738311;0.95069780341933385;0.47389188627765538;0.025799804628206701;138.42529903190419;138.42529903190439;138.42529903190436;6.5657461121396573e-27;2.7917345673664684e-27;138.42529903190405;0.00031188450658151801;0.00027019093197254933;0.00014591419940201354;0.00050031552802521598;3.8351536774643694e-05;0.00013150104274032364;0.88285277855290389;0.88342473359834106;0.14657969964352566;0.14701790897773362;
478;22;500;978;522;1000;0.5;0.69978612206231738;0.5112474437627812;0.95785440613026818;0.47799999999999998;0.021999999999999999;457.78699396191956;2.1037181075067606;520.10919957223132;977.89619353414957;522.21291767973719;979.99991164165681;0.53076382112608489;0.72783554049964794;0.53190587505818121;0.99597201762730325;0.46708949312753001;0.0021466857463850312;512.58490103652639;395.88888202740094;439.75431022490204;135.43129531495808;35.94578690331435;535.91356191173998;0.00098607280854536429;0.00080545491785605629;0.00046682802332864514;0.0014530448862373347;0.00015913493659219156;0.00039418155997696943;458.10289801490381;2.1028980149041199;519.89710198509613;978;522;980.10289801490364;0.5304515910655575;0.72763355373917549;0.53159212881911766;0.99597145974156254;0.46740284630918766;0.0021455626252581111;395.92007304379683;395.92007304379666;395.92007304379695;8.6207729464510858e-27;5.0018577665315894e-27;395.92007304379626;0.00092736135693380784;0.00077552921562457186;0.00041393277152968058;0.0014530030131816795;0.00011230716977011128;0.00039422502227798946;477.76183346289082;22.078557608477983;500.13436007125989;977.89619353414969;522.21291767973719;999.97475114262795;0.50018855379370253;0.69988382451078379;0.51147738216099869;0.95772513068088316;0.4777355626874295;0.022075883518868057;106.24076799176443;5.444991922419657;36.154447267811655;135.43129531495822;35.945786903314357;142.72540171908821;4.2149245024892539e-05;2.5215005518145689e-05;4.0051225418559158e-05;1.938617802856802e-05;3.7190816648289114e-05;5.2412743537413992e-06;478.13330736023573;22.133307360236358;499.86669263976432;978;522;1000.1333073602367;0.50000196213204895;0.69959954878099317;0.51111113766847027;0.95759902804552455;0.47799931717804672;0.021998720689903977;134.7525182095483;134.75251820954827;134.7525182095483;8.4398271874551108e-27;3.4767435121369447e-27;134.75251820954796;0.00030267835021155688;0.00026395356503919174;0.00014088319115588795;0.00049453369082055605;3.6655558924020348e-05;0.00012866977738833362;0.88282342367992572;0.88339566606922426;0.14655724102322606;0.14699563675806815;
481;19;500;981;519;1000;0.5;0.7007317919442192;0.509683995922528;0.96339113680154143;0.48099999999999998;0.019;463.42649005799922;1.8102773974849353;517.37245376726958;980.79894382527038;519.18273116475552;982.60922122275508;0.52656802998922791;0.72503994364011159;0.52754011228995767;0.9965136062159563;0.47158962662921861;0.0018423433815537716;411.29717332174158;295.50967979675022;336.68506944492384;136.97938053332072;35.348167026494217;439.80852309437239;0.0007435716376240298;0.00060878971218001742;0.00035686689102115975;0.001097179483074025;0.00012660916075216193;0.0002944087229996008;463.80970700210389;1.809707002103174;517.19029299789588;981;519;982.80970700210503;0.52623648667232559;0.72482336157714333;0.5272072303750216;0.99651308862793053;0.47192217561137495;0.0018413377162995578;295.5282476350543;295.52824763505424;295.52824763505407;6.1133817146497198e-27;4.2909994276188313e-27;295.52824763505356;0.00068840647492811617;0.00058044708347829068;0.00030708668330808804;0.0010971456433375795;8.2413269552494026e-05;0.00029444246383035391;480.71299077564163;19.096778115127105;500.08595304962864;980.79894382527038;519.18273116475541;999.89572194039795;0.5001783704114896;0.70081566324273392;0.50991346066197618;0.96322107920694267;0.48072570001601939;0.019095929572490539;104.62268502174787;4.6350829009146057;35.487656968231732;136.97938053332084;35.348167026494217;143.4568503752354;4.0040262226628516e-05;2.3568959820363961e-05;3.8151776246189859e-05;1.676907729016565e-05;3.5711480787625204e-05;4.4813169175159558e-06;481.19240125143688;19.192401251436959;499.80759874856318;981;519;1000.192401251438;0.49990560946886137;0.7004621485968362;0.5094878682452213;0.96302042148085387;0.4810326591237743;0.019061731407363933;129.82187547872013;129.82187547872016;129.82187547872013;5.5834691347329367e-27;2.4815418376590831e-27;129.82187547872019;0.00029062908191801153;0.00025498316860173741;0.0001348993521960265;0.00048196240539172318;3.4792951170896693e-05;0.00012430670840164417;0.8828350595367801;0.88340718772214233;0.14656613598555129;0.14700445778131835;
484;16;500;984;516;1000;0.5;0.70169374358591041;0.50813008130081305;0.96899224806201545;0.48399999999999999;0.016;469.21649250835463;1.5227757962035837;514.66416131616847;983.88065382452396;516.18693711237188;985.4034296207268;0.52232719774178682;0.7222012233437326;0.52313578948495376;0.99705022142467759;0.47612741418893145;0.0015453880692815377;323.38946257945059;209.60914013038865;249.6165308750557;139.73295620607081;34.942920880144982;353.08233317735755;0.00053608880831559024;0.00043854180861726866;0.00026301803226156946;0.00078731898037076099;9.9849194493596479e-05;0.00020895531330826362;469.52228869444798;1.5222886944479037;514.47771130555213;984;516;985.52228869444593;0.52203562086374733;0.7220115824750083;0.52284320254629391;0.99704982811153731;0.47641974642287105;0.0015446327133806577;209.62260813525964;209.6226081352597;209.62260813525933;5.6868667113020653e-27;3.2828730560698286e-27;209.6226081352599;0.00048561267998920986;0.00041285098028782447;0.00021649502624848972;0.00078729721822329128;5.7465462099203039e-05;0.00020897661825583668;483.78488482689454;16.091168114742683;500.09576899762976;983.88065382452396;516.18693711237188;999.97182193926631;0.5001498027878658;0.70175835657883823;0.50832683366983067;0.96882910989947202;0.48376051500443923;0.016089682207695945;106.17615419582265;3.8787859718404176;35.413451395658271;139.73295620607092;34.94292088014501;144.34175011457799;3.9402531508487125e-05;2.2687923755568561e-05;3.785545678766183e-05;1.4291845729852704e-05;3.5855080806034906e-05;3.7840539096625982e-06;484.50177844398138;16.501778443981735;499.49822155601873;984;516;1000.5017784439816;0.49942993300266375;0.70098955399629415;0.50762014385774146;0.96801980921709019;0.48419610304708455;0.016373963950252146;122.30452148452311;122.30452148452306;122.30452148452306;5.3766739815946796e-27;2.714186384939622e-27;122.30452148452319;0.00027269891781519986;0.00024087831955576602;0.00012631424074265811;0.00045934935357146302;3.2270099138579515e-05;0.00011735216149692176;0.88281548892112605;0.88338780798257954;0.1465511463961249;0.14698959226146155;
487;13;500;987;513;1000;0.5;0.70267215740208533;0.50658561296859173;0.97465886939571145;0.48699999999999999;0.012999999999999999;474.98180122883645;1.2270086583443627;511.87221069827314;986.8540119271097;513.09921935661725;988.08102058545376;0.51808542612902198;0.71935486216094835;0.51872976652440483;0.99760917443913977;0.48067276650601432;0.0012418073649640112;249.93397582632778;138.6209111375608;176.09978690997127;140.79305949939157;35.597153435991139;283.1699002381838;0.00036441903041487076;0.00029629841608845196;0.00018508937096318738;0.00052678008535627578;7.7725085838642704e-05;0.00013827288123860739;475.2266461781374;1.2266461781374138;511.77335382186266;987;513;988.22664617813655;0.51787045177360735;0.71921777326181846;0.51851403629368142;0.99760887684573174;0.48088830549342715;0.0012412427329669331;138.62871422252437;138.62871422252411;138.62871422252383;7.6126465749020824e-27;3.4638188150658036e-27;138.62871422252437;0.00031939281439428128;0.00027379069071916361;0.00014230458393001981;0.00052676688448306916;3.7357461142812583e-05;0.00013828559049140583;486.72735040669886;12.972557836206233;500.12666152041021;986.8540119271097;513.09921935661737;999.82656976331532;0.50025306857738405;0.70284980014005294;0.5068264304817981;0.97472260614722228;0.48677462985829378;0.012972301564322952;105.9938424052455;3.8504531022610058;34.829230401600391;140.79305949939146;35.597153435991117;145.72986529017282;3.8213901717633316e-05;2.1727065573013294e-05;3.6837219294140287e-05;1.4285513095958206e-05;3.5495086855063409e-05;3.7647341812359321e-06;487.74868594604379;13.74868594604388;499.25131405395615;987;513;1000.7486859460427;0.49904483998532362;0.70161999586424095;0.50582706591079662;0.97319944260030422;0.48732666472501823;0.013628495289657407;112.70191816651784;112.70191816651769;112.7019181665175;1.4191317384112882e-26;4.6787403397530626e-27;112.70191816651833;0.00025010139435210183;0.00022258545924803546;0.00011569031468514956;0.00042824921691581247;2.9252859488999199e-05;0.00010828490010426382;0.88283532503402118;0.88340745164960299;0.14656636380806742;0.14700468423653676;
489;11;500;989;511;1000;0.5;0.70333367001142699;0.50556117290192115;0.97847358121330719;0.48899999999999999;0.010999999999999999;478.73855315328058;1.0325076970521858;510.06465936537506;988.80321251865462;511.0971670624271;989.83572021570899;0.51533967587481089;0.7175084318704964;0.51587792398225918;0.99798027181970816;0.48361723022237069;0.0010430939028184354;208.66439701418852;99.365622321050182;135.76162767019534;138.48789036426686;34.834759624898005;242.0683956777126;0.00027145816231466212;0.00021843733459057257;0.00014280283223265788;0.00038056510620742624;6.5403956020546281e-05;9.9154809494564838e-05;479.03221895854921;1.0322189585487562;509.96778104145079;989;511;990.03221895854631;0.51510222902065095;0.71735502205493484;0.51563981905101386;0.99798000203806281;0.48385517398029804;0.0010425969990506419;99.370867642296517;99.370867642296759;99.370867642296759;9.1636102234390092e-27;2.601095285567138e-27;99.370867642296702;0.00022811060398637321;0.00019662642817033549;0.00010159363477759572;0.00038055486782869792;2.6473097343789051e-05;9.9164343147446982e-05;488.69511928711376;10.989073830886239;500.10809323154064;988.80321251865462;511.09716706242705;999.79228634953984;0.50025065799587121;0.70350414841379605;0.50580792405407049;0.97850394434119026;0.48876032853056417;0.010989013473563958;104.24649899289899;3.0526268869864506;33.826660355316541;138.48789036426686;34.83475962489802;143.27246953723827;3.683131193164066e-05;2.0532282309549245e-05;3.5780714777662825e-05;1.1435042564321418e-05;3.4685643711775145e-05;2.9864267055159101e-06;490.03133484566683;12.031334845666208;498.96866515433322;989;511;1001.0313348456657;0.49860671985550975;0.70188292496740035;0.50451836719346166;0.97645531341356862;0.48947464410255714;0.011918636041933297;103.39670412665745;103.39670412665751;103.39670412665755;4.9501589782470251e-27;2.5364718002114326e-27;103.3967041266573;0.00022859237342558633;0.00020459240317990463;0.00010570952277546138;0.00039597238110552916;2.6529008507227701e-05;9.9373778172180663e-05;0.88285013221689723;0.88342211143126592;0.14657763336181132;0.14701585900407146;
490;410;100;590;510;1000;0.10000000000000001;0.18230093920774315;0.16949152542372881;0.19607843137254902;0.48999999999999999;0.40999999999999998;121.03748653603762;41.386804480746932;469.05896516309531;590.09645169913222;510.44576964384254;631.4832561798803;0.74284104559330133;0.85468598545115193;0.79497429641037287;0.91894251405386307;0.19161328817770645;0.065545666228991856;136191.52637450522;135878.3103713282;136225.90452551947;42.451127613752497;36.433193673305254;135844.36061464954;0.41332013336319451;0.45212925049787883;0.39135462281057609;0.52253800730642053;0.089154808876521621;0.11865581917889367;121.23810105616589;41.238101056165902;468.76189894383469;590;510;631.23810105616508;0.74260932033834415;0.85455734442266262;0.79451169312514403;0.9191409783212422;0.1920629514794954;0.065327728182161079;135985.84458109018;135985.8445810902;135985.8445810902;2.714186384939622e-27;2.1325750167382746e-27;135985.84458109018;0.41295059887899782;0.45193035753104088;0.39065166498445886;0.52282139400649874;0.088767314684650656;0.11880008551221403;490.03109601024113;410.38041395495111;100.06535568889163;590.09645169913222;510.44576964384254;1000.4768656540839;0.10008236718504392;0.18233431673138545;0.1695871642709301;0.19605235245792227;0.48976716088757649;0.41015047192738019;94.385763715618523;88.701460455582421;57.605710756322402;42.451127613752597;36.433193673305212;125.90990775047317;6.9344099533284953e-05;0.00019014275456120946;0.00016606994468131109;0.00022272611507279745;3.4545754773617557e-05;3.9314801688101026e-05;490.47686565408321;410.4768656540831;99.523134345916446;590;510;1000.476865654084;0.099613873341776904;0.1814316086415898;0.16868327855240059;0.19514340067826796;0.49017902235972105;0.41020710429850188;125.90990775047327;125.90990775047315;125.90990775047312;3.4250447238523804e-27;1.28277618431075e-27;125.90990775047315;0.00015224054894734582;0.00041844435942330781;0.00036170614119641773;0.00048408269031323734;3.2725427091904698e-05;4.3797467015347998e-05;0.78978338570531215;0.79162491486861131;0.47580679418879662;0.47835050090750703;
491;9;500;991;509;1000;0.5;0.70400263705238475;0.50454086781029261;0.98231827111984282;0.49099999999999999;0.0089999999999999993;482.55271430122878;0.84371962133359646;508.24316594711621;990.79588024834618;509.08688556845016;991.63959986967825;0.51256531553836693;0.71563556006824502;0.51300191502691761;0.99834307840772818;0.4865838575386261;0.00085082692300708087;175.43208489885154;66.537187206889882;102.32662069897165;139.0529724188639;34.6927092149852;209.14368257155638;0.00019388807786882518;0.00015285596510944643;0.00010777482606692508;0.00025684025157490591;5.5750016077989248e-05;6.6421391625283614e-05;482.84348844270755;0.84348844270616796;508.1565115572925;991;509;991.84348844270767;0.51233539934736017;0.7154870483433543;0.51277145464913654;0.99834285178250226;0.4868141878214633;0.00085041283117740125;66.540605529441493;66.540605529441478;66.540605529441521;5.9324359556537456e-27;2.3619883897510282e-27;66.540605529441365;0.00015218980601440851;0.00013191534325519421;6.7754702035210349e-05;0.00025683321250667267;1.752421650311951e-05;6.642787416908283e-05;490.69190829767189;8.9829136177761217;500.10397195067384;990.79588024834607;509.08688556845027;999.77879386612028;0.50025261720853642;0.70417636794535066;0.50478630940106761;0.98235916499831089;0.49076431737280368;0.0089830654186598431;104.3617226324679;2.6525058352201607;33.880792001978207;139.05297241886382;34.692709214985207;142.63446763049632;3.6385507591365693e-05;1.9963124853821541e-05;3.5509356791007798e-05;1.0054142276651739e-05;3.4694177212276114e-05;2.6084122460560715e-06;492.44165495939961;10.441654959400211;498.55834504060027;991;509;1001.4416549593991;0.49797745306806634;0.70197277926611223;0.50308612012169351;0.97948594310530424;0.49168631759223685;0.01033622933969677;94.333096031871989;94.333096031871875;94.333096031871875;4.8079873104644733e-27;2.4104560037678072e-27;94.333096031871889;0.00020762135462233574;0.00018701336791808378;9.6054292906462511e-05;0.00036410657683068944;2.3906999189737573e-05;9.0622661141714618e-05;0.88283981710694281;0.88341189606887216;0.1465697121933518;0.1470080029837548;
492;8;500;992;508;1000;0.5;0.70433993368932613;0.50403225806451613;0.98425196850393704;0.49199999999999999;0.0080000000000000002;484.54093287818813;0.74957223496319858;507.34867155477696;991.88960443296639;508.09824378973985;992.63917666792815;0.51114858424879339;0.71467671880146644;0.51153497612341914;0.99852509685556423;0.48809627922965043;0.00075513652155661257;161.141514220364;52.579543442433227;88.309652204089062;141.08557759099662;34.586513397429883;195.44523753834451;0.000160295623798755;0.00012443039084573612;9.2462394084011351e-05;0.000203762962445857;5.1469585245224392e-05;5.2498968033359186e-05;484.74934289868241;0.74934289868306436;507.25065710131747;992;508;992.74934289868395;0.51095543584623804;0.71455378837321659;0.51134138820697272;0.99852491555377143;0.4882897590600726;0.00075480509368748496;52.582596195276452;52.582596195276572;52.582596195276587;7.8969899104671859e-27;3.4088888525134537e-27;52.582596195276551;0.00012004605885926846;0.00010434379801259894;5.3434122369354765e-05;0.00020375796777263175;1.3768696059314768e-05;5.2503557717905484e-05;491.77126519147009;7.9799045482443587;500.11833924149528;991.88960443296639;508.09824378973985;999.86950898120926;0.50022148368837993;0.70449267031566754;0.50424452385053831;0.98429849436720662;0.49179894781552358;0.0079795684960963214;105.17755450099315;2.3965496517194427;33.861295729253762;141.08557759099648;34.586513397429847;143.74664050309531;3.5927904219599353e-05;1.9497999086663423e-05;3.5269355378249219e-05;9.140292125881606e-06;3.4683351106542847e-05;2.361582338907202e-06;493.78866713217292;9.7886671321729022;498.21133286782708;992;508;1001.7886671321729;0.49745188959195752;0.70182027431079352;0.5022291661974041;0.98073097021225952;0.49286296005819202;0.0096851503498508133;91.031479615496679;91.031479615496735;91.031479615496721;4.045430183267151e-27;1.6317430052315585e-27;91.03147961549665;0.00019991230610499807;0.00018064095364390753;9.2505649648291769e-05;0.00035274768900542741;2.2928964161191222e-05;8.743400159773692e-05;0.88282950334446453;0.88340168337431857;0.14656182406105006;0.14700018036337736;
493;7;500;993;507;1000;0.5;0.70467911529399074;0.50352467270896273;0.98619329388560162;0.49299999999999999;0.0070000000000000001;486.38103217725745;0.65795782640083433;506.49305152070446;992.87408369796231;507.15100934710597;993.53204152436251;0.50982850435843208;0.71378348242158651;0.51016642461895456;0.99870289396545298;0.48950927151810419;0.00066222412346483546;150.41864614366239;40.229614630487681;76.284416363910424;141.47676314872641;34.35929876681584;183.50772219934461;0.00013287287342491225;0.00010065856443042798;8.0509711535114517e-05;0.00015652083734110601;4.8609795488091002e-05;4.0175543112335677e-05;486.65772171567949;0.6577217156786126;506.34227828432051;993;507;993.65772171567926;0.50957415139956785;0.71361765739467897;0.5099116599036464;0.99870271850950987;0.48976393682694785;0.0006619117734861967;40.23241880735106;40.232418807351316;40.232418807351472;7.1861315715544286e-27;2.1971985020939799e-27;40.232418807350982;9.1682668514319444e-05;7.9913276182490471e-05;4.0801642522178357e-05;0.00015651653500831008;1.0474194781749883e-05;4.0179379380389418e-05;492.72473957486466;7.0016652240085975;500.14934412309674;992.87408369796242;507.15100934710597;999.87574892197108;0.50025084454376478;0.70484443825532528;0.50377692311717892;0.98619654930015566;0.49274818840434464;0.0070009670518903291;107.81040416361498;1.835521083197776;33.997209262257925;141.47676314872641;34.35929876681579;144.79259377365892;3.727524843413909e-05;2.0053738140157141e-05;3.6479035663004126e-05;7.0545201466470874e-06;3.5578762069407033e-05;1.8090556231174562e-06;495.0738565149108;9.073856514910414;497.92614348508909;993;507;1002.0738565149103;0.49701897767749598;0.70175630854563875;0.50143619686312868;0.98210284711063045;0.49400758554500873;0.0089734367774960688;87.670392330497677;87.670392330497577;87.670392330497634;3.9291079096268814e-27;2.3878377838933103e-27;87.670392330497606;0.00019209094520489719;0.00017413887812418191;8.8910786715972479e-05;0.00034106490330830833;2.1945237943988532e-05;8.418270419037504e-05;0.88281971916934443;0.88339199574716321;0.14655435703709302;0.14699277568019098;
494;6;500;994;506;1000;0.5;0.7050201891062009;0.50301810865191143;0.98814229249011853;0.49399999999999999;0.0060000000000000001;488.28183040627664;0.56456006671199399;505.59941433968135;993.88124474595793;506.16397440639355;994.44580481267155;0.50846119628683883;0.71285694891087914;0.50875009492810352;0.99888484721068316;0.49097108784234039;0.00056771587082082939;139.26888018744734;29.550972262581279;65.364644219707486;141.63592168673696;34.218554865353696;172.61875714536842;0.00010756999564526595;7.9081832656483866e-05;6.8947672305272017e-05;0.00011542910285880598;4.5298538673454203e-05;2.951671712793639e-05;488.56434892856237;0.56434892856117369;505.43565107143758;994;506;994.5643489285593;0.50819804870680596;0.71268467659880308;0.50848657049440726;0.99888468591193602;0.49123452490290465;0.00056742639029052353;29.553138710627699;29.553138710627799;29.553138710627888;4.2263759422631259e-27;1.7060600133906197e-27;29.553138710627582;6.7223725388236094e-05;5.8757960232994816e-05;2.9910993840941099e-05;0.0001154257163470296;7.649641668223241e-06;2.9519760327862814e-05;493.72169562260711;6.0044252830415221;500.15954912335189;993.88124474595793;506.16397440639361;999.8856700289997;0.50025522611139295;0.70518779108196528;0.50327628476038277;0.98813948939066643;0.49374077753772511;0.006003996350881691;107.17141766199077;1.5819834500656467;33.911365732056154;141.63592168673685;34.21855486535366;144.0055842950475;3.6515374149146769e-05;1.9422856059649605e-05;3.5945317539147573e-05;6.1230347900318153e-06;3.5293633870992467e-05;1.5660052999966172e-06;496.35433766873314;8.354337668732585;497.64566233126692;994;506;1002.3543376687329;0.49659235996958989;0.70170047792934664;0.50064955968940272;0.98348945124756393;0.49514951057025858;0.0082581294601507555;83.775814054316783;83.775814054316911;83.775814054316882;8.090860366534302e-27;2.517084754604721e-27;83.775814054316797;0.00018316514762178101;0.00016656423532164551;8.4790244539992998e-05;0.00032720326069114042;2.0843054105106941e-05;8.0432782131392954e-05;0.88281310550336201;0.88338544463343904;0.14654924462530428;0.1469877046132117;
495;5;500;995;505;1000;0.5;0.70536316242416586;0.50251256281407031;0.99009900990099009;0.495;0.0050000000000000001;490.19526025083087;0.47058238561713922;504.67094013955369;994.86620039038428;505.1415225251709;995.33678277600325;0.50707342168515601;0.71191499477064213;0.50731332311038246;0.99906859314587448;0.49245379975179709;0.00047277856304721191;130.48798703925473;20.521161752747837;55.837823372637757;142.03639985269788;34.188965149641071;163.90868962725253;8.6188097214429874e-05;6.0733506766298761e-05;5.9290229116226971e-05;8.0474727443164735e-05;4.2746930919348634e-05;2.0501289341898286e-05;490.47042294959169;0.47042294959048925;504.52957705040836;995;505;995.47042294958931;0.50682528949348682;0.71175315600960742;0.50706490155820005;0.9990684694067502;0.49270215253719141;0.0004725579693200258;20.52251368560642;20.522513685606334;20.52251368560631;5.8290383790846171e-27;2.1584244108805567e-27;20.522513685606388;4.6597055150661037e-05;4.0842855237785687e-05;2.0729288336766099e-05;8.0472556359598174e-05;5.2815173287988168e-06;2.0503222011348091e-05;494.71945571569563;4.9947778504823575;500.14674467468831;994.86620039038382;505.1415225251709;999.86097824086562;0.50025495662256103;0.70553337568768493;0.50276541195123992;0.99011360621905475;0.49475053783637868;0.004994505541060134;108.07714753408219;1.3347794389288741;34.094246925484974;142.03639985269803;34.18896514964112;144.05504425541426;3.689011586273839e-05;1.945925619914071e-05;3.630192008465021e-05;5.1913396566797274e-06;3.5665888636977586e-05;1.3238902549590369e-06;497.6641450911564;7.6641450911559774;497.33585490884349;995;505;1002.6641450911548;0.49612179051558719;0.7016047828108567;0.49983503005913704;0.98482347506701806;0.49630566385975505;0.0075725456246585757;79.894485469304882;79.894485469305025;79.894485469305081;2.1635942897090129e-26;5.7934954621389788e-27;79.894485469304513;0.00017432230540314166;0.00015900191147680108;8.0699462608828029e-05;0.00031328099389983302;1.9758464860193941e-05;7.6703751291886153e-05;0.88280966856758247;0.88338204235303663;0.14654663941858947;0.14698512153985913;
495;495;10;505;505;1000;0.01;0.019801980198019802;0.019801980198019802;0.019801980198019802;0.495;0.495;66.241224510714375;66.241173453885693;438.93128307828573;505.17250758899996;505.17245653217066;571.41368104288506;0.76816460951679855;0.86891020915554129;0.86894011556930351;0.86893838579097993;0.11591686415459578;0.11591852632860605;183852.77377522615;183852.41852093008;183991.77412757411;33.54785699316129;32.811599716092772;183711.62570967557;0.57482026917190643;0.72098747419679132;0.72108910915975033;0.72108523448466044;0.14375830122977112;0.14375624230455331;65.993681146023675;65.993681146023675;439.0063188539765;505;505;570.99368114602328;0.76884958283122318;0.8693194432752005;0.8693194432752005;0.8693194432752005;0.11557520858438908;0.11557520858438908;184047.04610070839;184047.04610070839;184047.04610070839;1.883774598118809e-27;1.883774598118809e-27;184047.04610070839;0.57585868319974554;0.72168236879015346;0.72168236879015346;0.72168236879015346;0.14396467079993636;0.14396467079993636;494.77374649139364;494.77369543456456;10.398761097606366;505.17250758899996;505.1724565321706;999.94620302356509;0.010453410760856985;0.020579922649723317;0.020581277199789996;0.020579990804971734;0.49477279235965321;0.49477379687948936;86.654460201902026;85.263052193282022;56.31387432924803;33.547856993161332;32.811599716092729;113.81117915908915;5.7838766415367284e-05;0.0002201891434867115;0.0002202180849449764;0.00022028318793972725;3.1703606615573736e-05;3.1393155753352919e-05;494.13207378022537;494.13207378022537;10.867926219774082;505;505;999.13207378022673;0.010966826823880437;0.021520645979750647;0.021520645979750647;0.021520645979750647;0.49451658658805925;0.49451658658805925;88.552738186225284;88.552738186225284;88.552738186225241;1.4314102006288721e-27;1.4314102006288721e-27;88.552738186225312;9.193911880927576e-05;0.00034723159763248873;0.00034723159763248873;0.00034723159763248873;2.298477970231892e-05;2.298477970231892e-05;0.76884958364857325;0.77107610484928424;0.57585868444135191;0.57924260259009719;
496;4;500;996;504;1000;0.5;0.705708042604968;0.50200803212851408;0.99206349206349209;0.496;0.0040000000000000001;492.0701733895491;0.37710713390410161;503.77673380135172;995.84690719090145;504.15384093525552;996.22401432480467;0.50572333000631975;0.71099856696586083;0.50591489535358158;0.99925214149972086;0.49389812235791453;0.00037854763576533748;121.40418419944419;13.1297097758193;48.188483098518162;140.89152669676324;34.066761252239381;155.20502772245399;6.8263554260017663e-05;4.5519202882222499e-05;5.0849700433961253e-05;5.1693588732622394e-05;4.0029768683728796e-05;1.311930062354594e-05;492.37698026853633;0.37698026853544664;503.62301973146373;996;504;996.37698026853275;0.505454297127924;0.71082163093099049;0.50564560214002574;0.99925202327671514;0.4941673561650155;0.00037834670705782808;13.130576712652774;13.130576712652713;13.130576712652751;9.5255017414309592e-27;2.8983633182033822e-27;13.130576712652749;2.9759185860493609e-05;2.6157361016791162e-05;1.323625497235177e-05;5.1691927723657543e-05;3.359693046906281e-06;1.3120706009148233e-05;495.6823809711413;3.9893147154962816;500.16452621975901;995.84690719090156;504.15384093525552;999.83622190639664;0.50028359479984408;0.70590058644465936;0.50228704074261088;0.99208804256412664;0.49572692746827407;0.0039894777318816689;106.10274792762671;1.0858188269989164;34.142630175306735;140.89152669676324;34.066761252239338;141.90555342502708;3.5925860444063607e-05;1.8746803825692677e-05;3.551761199475959e-05;4.2552122720097891e-06;3.5084072342908314e-05;1.0803968437351072e-06;498.98403246552533;6.9840324655255719;497.01596753447461;996;504;1002.9840324655249;0.49563331117799292;0.70149633118434096;0.49901201559686259;0.9861427927271319;0.49746720744419354;0.0068994813778130654;74.080600893663828;74.080600893663828;74.080600893663743;2.2579445783283429e-26;2.4880041861946536e-27;74.080600893663885;0.00016145400232243741;0.00014757562172034198;7.4676820629570063e-05;0.00029163753816162635;1.8227511046193885e-05;7.1184423807953658e-05;0.88281971783322732;0.88339199310100169;0.14655432425994805;0.14699274251344702;
497;3;500;997;503;1000;0.5;0.7060548370650569;0.50150451354062187;0.99403578528827041;0.497;0.0030000000000000001;493.97335735127854;0.27893039292605937;502.8576868051685;996.83104415644641;503.13661719809363;997.10997454937171;0.50435259324751047;0.71006806184240467;0.50449374339421971;0.999445730623578;0.49536768046188756;0.0002797262906032022;115.56025242911822;7.4078196600387871;41.509213922919464;141.22137684179003;33.45247127647405;149.64642659864171;5.4179000012984748e-05;3.3550956618973532e-05;4.4218617558272785e-05;2.9281585181454207e-05;3.7958319042723269e-05;7.403490758213316e-06;494.27883455542803;0.27883455542781505;502.72116544457202;997;503;997.27883455542735;0.5040928909768243;0.70989742111424659;0.50423386704570872;0.99944565694746046;0.49562751722577192;0.00027959179740252171;7.4083059621605525;7.4083059621605374;7.4083059621605027;5.2345023138121286e-27;2.174580282219483e-27;7.4083059621605951;1.6759865898375768e-05;1.4772560149954097e-05;7.4529566253027484e-06;2.9280800138178679e-05;1.8846208493698252e-06;7.4042033519016422e-06;496.70326837338018;3.008841415028273;500.12777578306594;996.83104415644641;503.13661719809363;999.83988557147541;0.50024629422658462;0.70621397920215667;0.50175533230713187;0.99402124368990474;0.49674535079797777;0.0030083549754366897;107.38892304596678;0.78617158054291503;33.121645235593732;141.22137684179012;33.452471276474135;143.24101782332031;3.5864293985820619e-05;1.8558227757767755e-05;3.5465614646127533e-05;3.0878819664841472e-06;3.5027522454491652e-05;7.8026599231527207e-07;500.36339463718275;6.363394637183089;496.63660536281731;997;503;1003.3633946371839;0.4950621981994982;0.70130535495997937;0.49813099835789243;0.98734911602945508;0.49865580953710026;0.0062819922634016843;72.769521433956996;72.769521433957067;72.769521433957109;3.4121200267812393e-27;1.3118567527208174e-27;72.769521433957024;0.00015819904374073562;0.00014510633577463218;7.3208111228326294e-05;0.00028761633552149148;1.7789236381244563e-05;6.9889454786527225e-05;0.88281733862413359;0.88338963808744964;0.1465525257438125;0.14699095936073289;
498;2;500;998;502;1000;0.5;0.70640355328074711;0.50100200400801598;0.99601593625498008;0.498;0.002;495.8713326701365;0.18573926594809392;501.96029216783279;997.83162483796684;502.14603143378116;998.01736410391686;0.50299467648344132;0.70914380259233711;0.50308832785207269;0.99963019463196456;0.49681921935790518;0.00018610415865375713;110.93299938556947;3.2940243191088849;37.075399285405418;141.61167664442158;33.319465471962616;145.57301349121343;4.3876367495211845e-05;2.4836541575141786e-05;3.9298297391788945e-05;1.3072652490931004e-05;3.635157892334825e-05;3.2927034078695518e-06;496.18567044748784;0.18567044748693309;501.81432955251222;998;502;998.18567044748863;0.50272644471424088;0.70896685096618239;0.50281996949149721;0.99963013855082528;0.49708754983563408;0.00018600545012447737;3.2942600579255328;3.2942600579255203;3.2942600579254924;6.0616829263651556e-27;2.1939673278261947e-27;3.2942600579255776;7.4390958691448873e-06;6.5754218754751097e-06;3.3074767349586022e-06;1.3072253051243301e-05;8.3319196240354543e-07;3.2930529964674568e-06;497.69364692589613;2.0080535217080655;500.13797791207281;997.83162483796696;502.14603143378116;999.83967835967576;0.50025605944150475;0.70656991467916885;0.50126219972687946;0.99600222687451789;0.49773624338198014;0.002007697176515783;107.05196238841394;0.53246176837303283;32.990360536324609;141.61167664442161;33.319465471962587;143.01545269240282;3.5246768363637419e-05;1.8017816534978118e-05;3.5017243417709546e-05;2.1052710154443395e-06;3.4765164833628853e-05;5.3050943392948532e-07;501.758439692889;5.7584396928887012;496.24156030711094;998;502;1003.758439692888;0.49446658167136032;0.70109360297304446;0.49723603237185787;0.98852900459583981;0.49985185066731558;0.0056815676613237468;70.743067080937493;70.743067080937521;70.743067080937536;3.5155176033503679e-27;2.5784770656926411e-27;70.743067080937493;0.00015361155680487988;0.00014120485409252107;7.1026890535517243e-05;0.00028072200076561068;1.7204767449358823e-05;6.799898889950545e-05;0.88281231219618383;0.88338465915843423;0.14654863929031436;0.14698710432447351;
499;1;500;999;501;1000;0.5;0.70675419878872281;0.50050050050050054;0.99800399201596801;0.499;0.001;497.78007710071449;0.092934623907290223;501.03615972082571;998.81623682153963;501.1290943447334;998.90917144544846;0.50162065958366631;0.70820678274409898;0.50166733254242712;0.99981457678055652;0.49828631364597153;9.3026770360993326e-05;108.69041548593434;0.82401400826423332;34.307631652761238;141.95414684341969;33.275224015374796;143.15462187154407;3.7712554630613681e-05;1.9578481917193042e-05;3.6458111741702048e-05;3.2831748823828876e-06;3.5604294304859583e-05;8.2384855092190811e-07;498.09290792575962;0.092907925756765319;500.90709207424032;999;501;999.09290792575507;0.50136187532795673;0.70803638105304401;0.50140850057481789;0.99981455503841277;0.49854513364046465;9.2991031581011885e-05;0.82406052144688646;0.82406052144689657;0.82406052144687758;8.0391615782497377e-27;3.2667171847309019e-27;0.82406052144688546;1.8575151422785064e-06;1.6464778579915402e-06;8.2571111797163369e-07;3.2830965671330129e-06;2.0721695921202358e-07;8.2391198644850366e-07;498.6897034243695;1.0025609475625437;500.1265333971707;998.81623682153963;501.1290943447334;999.81879776910307;0.500254865042838;0.70692117677095934;0.50075664959649835;0.99799963165131311;0.4987426927961518;0.0010024421610100621;107.64912963127803;0.27092052565822716;33.296781545020202;141.95414684341958;33.275224015374754;142.57109264202253;3.5484279234748728e-05;1.7956694244160568e-05;3.5291243220231422e-05;1.0789632411780496e-06;3.5095099886181685e-05;2.7094500347125076e-07;503.18789945797994;5.1878994579795714;495.81210054202;999;501;1004.1878994579789;0.49381978656380943;0.70083456773665376;0.49630840895096795;0.98964491126151699;0.50106419128769031;0.0051160221485006619;69.003672592423897;69.003672592423925;69.003672592423939;9.486727650217536e-27;2.678643467993984e-27;69.003672592423911;0.00014970867637454667;0.00013786975117317568;6.9141887224987022e-05;0.00027491393497406085;1.6700901101638994e-05;6.6404181657988507e-05;0.88280887507197092;0.88338125650468402;0.14654602945718284;0.14698451656403438;
499;500;1;500;501;1000;0.001;0.0019980029950087343;0.002;0.001996007984031936;0.499;0.5;65.826113711611512;66.809381473910605;434.3490518605837;500.17516557219483;501.15843333449482;566.98454704610526;0.76608400160754209;0.86757759951124203;0.86845935093489535;0.86675395326489657;0.11609009691761928;0.11782590147483783;187657.36769040258;187672.36522369241;187800.93643492353;33.275424853043852;31.834684816069327;187527.79553857096;0.58536037181807177;0.74923079822043959;0.75080318200480722;0.7478596224001216;0.146672181520381;0.14611112750183652;65.577724181287294;66.577724181287294;434.42227581871259;500;501;566.57772418128638;0.76675132909324395;0.86797700818429879;0.86884455163742602;0.86711033097547419;0.11574184228200272;0.11750682862475315;187855.49357865771;187855.49357865771;187855.49357865765;1.9774786518845817e-27;2.0841074027214956e-27;187855.49357865765;0.58638117057191241;0.74992213005452035;0.7514219743146302;0.74842527949552973;0.14688833663311768;0.14630254125792114;496.34740097485349;497.33066873715347;3.827764597341484;500.17516557219489;501.15843333449482;997.50583430934887;0.0038624434481695936;0.0076406557976795592;0.0076476524258675882;0.007634168203657892;0.49757534292391831;0.49856221362791164;64.392111634150723;63.78799021626547;35.197484148992793;33.275424853043916;31.834684816069338;91.981677101229721;3.61117609780201e-05;0.00014010467693218904;0.00014034535377535374;0.00013990515951491103;2.5466387772609812e-05;2.5876323383378792e-05;495.0922746700993;496.0922746700993;4.9077253299008889;500;501;996.09227467009975;0.0049735918321366342;0.0098056499078222042;0.0098154506598017773;0.0097958589419179457;0.49701121927283243;0.49801518889503049;60.801740189473186;60.801740189473158;60.801740189473072;9.4350288619329713e-28;9.17653492051015e-28;60.801740189473151;6.3142107108225216e-05;0.00024272151772244889;0.0002432069607578938;0.00024223704363517877;1.581708204509933e-05;1.5754003017019352e-05;0.76676115758313979;0.76902809200681899;0.58639621901950745;0.58987298513794417;
500;0;500;1000;500;1000;0.5;0.70710678118654746;0.5;1;0.5;0;499.7780776931387;4.2681900610406129e-15;500.13786413907951;999.9159418322198;500.13786413907951;999.9159418322198;0.50021777004180301;0.70724837924033235;0.50021777004180301;1;0.49978222995819693;4.2993201752629138e-18;108.72843910951889;1.6121742311840932e-28;33.159145500962858;144.07254942750907;33.159145500962872;144.07254942750899;3.5102495271854226e-05;1.7520153736448846e-05;3.5102495271854246e-05;1.392832535780849e-33;3.510249527185428e-05;1.6359338104139982e-34;500;0;500;1000;500;1000;0.5;0.70710678118655257;0.5;1;0.5;0;0;0;0;0;0;0;0;0;0;0;0;0;499.7780776931387;2.1550371678446619e-14;500.13786413907945;999.9159418322198;500.13786413907951;999.9159418322198;0.50021777004180301;0.70724837924033235;0.50021777004180301;1;0.49978222995819693;2.1576081072002557e-17;108.72843910951886;1.3036559738037623e-27;33.159145500962858;144.07254942750899;33.159145500962872;144.0725494275089;3.5102495271854267e-05;1.7520153736448846e-05;3.5102495271854253e-05;5.7192415628523359e-33;3.5102495271854294e-05;1.3085023598332006e-33;504.75512227327215;4.7551222732726321;495.24487772672791;1000;500;1004.7551222732732;0.49296996945351501;0.70038202277694528;0.49524487772672732;0.99048975545345463;0.50234334351549503;0.0046866870309901724;69.687301710115236;69.68730171011515;69.687301710115094;3.7610868477020475e-27;1.1147551223859161e-27;69.68730171011525;0.0001512206924528851;0.00013937460342022963;6.9687301710115237e-05;0.00027874920684046089;1.6802299161431707e-05;6.7209196645726707e-05;0.88279671048151576;0.88336921147579883;0.14653673434443479;0.14697529883098878;
531;369;100;631;469;1000;0.10000000000000001;0.18382259767923567;0.15847860538827258;0.21321961620469082;0.53100000000000003;0.36899999999999999;194.218323589145;32.347822639100734;437.09345774576354;631.31178133490891;469.44128038486372;663.65960397401034;0.65867687036537892;0.80292879568544784;0.69244138274818579;0.93110385829573028;0.29257833229619484;0.048744797338425905;113490.77853109772;113335.6131555138;113653.65404488382;50.610783896771196;29.818401643632882;113176.68606543573;0.31220486651359397;0.38332679362463762;0.28522597413492379;0.51535983964247722;0.056951153777231776;0.10256552911897363;194.29796755946427;32.297967559463771;436.7020324405363;631;469;663.29796755946302;0.65838136425676286;0.80275702015021122;0.69207929071400287;0.93113439752779592;0.2929264910577985;0.048692144685439073;113368.65393258104;113368.65393258104;113368.65393258102;2.1196503196671335e-27;1.9742474776167965e-27;113368.65393258102;0.31179221918469713;0.38308115501025858;0.28473068415184088;0.51540343030164881;0.056679444895938146;0.10259793535768419;531.32130613198922;369.45080518194482;99.99047520291883;631.31178133490891;469.44128038486372;1000.762586516853;0.099978268161426354;0.18368852213776143;0.15840342554196521;0.21302299919457093;0.53088460672511617;0.36913712511345703;101.68687380538466;80.428425249829687;52.601132526608822;50.610783896771203;29.818401643632843;133.46259023671897;6.3969811273677723e-05;0.0001785585878736422;0.00013443951370603954;0.00024280536966063231;3.0277374898592634e-05;3.8306700975194349e-05;531.76258651685293;369.76258651685305;99.237413483147108;631;469;1000.7625865168529;0.099307714730502344;0.18242079133440492;0.15727006891148468;0.21159363216022797;0.53129516526490339;0.36939712000459418;133.46259023671882;133.46259023671885;133.46259023671897;2.9597556292913023e-27;1.2666203129718237e-27;133.46259023671888;0.00016100718073833132;0.00045098006763798936;0.00033519754631096193;0.00060675569867712413;2.9268843373871111e-05;5.2980809991698196e-05;0.78968604860652092;0.79152929380224402;0.47567277218920656;0.47821848489565721;
540;450;10;550;460;1000;0.01;0.019881069312188603;0.018181818181818181;0.021739130434782608;0.54000000000000004;0.45000000000000001;131.056594781011;41.078036597494453;419.06453339665086;550.12112817766217;460.14256999414516;591.19916477515608;0.70889346608034631;0.83295548461376212;0.76185568035577134;0.91074732702433192;0.22161822422109947;0.069488309698554712;167284.16516974609;167219.15134658295;167349.22204113446;36.379119672672076;26.569543537970251;167153.41989560533;0.48852387707905187;0.66111767188894921;0.55316606195201778;0.79034038469595902;0.10147681770929219;0.14479513210975775;131.01106454708446;41.011064547084402;418.98893545291577;550;460;591.01106454708543;0.70893828110404522;0.83299480667795489;0.76179806445984577;0.91084551185416551;0.22167167395261309;0.069390044943342014;167272.44483666535;167272.44483666541;167272.44483666535;1.4475660719677985e-27;1.6640547479094112e-27;167272.44483666538;0.4885188635800049;0.66115590844531646;0.55296675979062981;0.79051249922809685;0.10133378250517507;0.14486516638854152;539.48714014780285;449.50858196428516;10.633988029859463;550.12112817766217;460.14256999414516;999.62971014194829;0.010695317318167813;0.021139159014665478;0.019331103273242049;0.023117665770240492;0.53965942478961926;0.44964525789221216;91.154649216861827;84.183335614613952;55.787718403492768;36.379119672672068;26.569543537970283;118.87568683843136;5.7447707014308882e-05;0.00022029762362941004;0.00018421545702613102;0.00026356209392977949;2.6894979610308399e-05;3.3414094400565221e-05;538.80760917296459;448.80760917296448;11.192390827034808;550;460;998.80760917296595;0.0112990912393358;0.022251669780138303;0.020349801503699666;0.024331284406597382;0.5394083346830757;0.44929257407758927;92.954241374247289;92.954241374247289;92.954241374247317;2.908056841006738e-27;1.2084591761516889e-27;92.954241374247303;9.6652758720227211e-05;0.00036740806867291355;0.00030728674834462063;0.00043929225602196289;2.0048743990981332e-05;2.8661366055159985e-05;0.76888888901710872;0.77111466893842273;0.57591871836545783;0.57930166864038724;
544;455;1;545;456;1000;0.001;0.0020059464151469778;0.001834862385321101;0.0021929824561403508;0.54400000000000004;0.45500000000000002;130.08516615190217;41.30577942064631;414.79001059528252;544.87517674718458;456.09579001592834;586.18095616783205;0.70767144940022608;0.8320870358377126;0.76134787799463477;0.90945594526925788;0.22185633859624077;0.070472212003533249;171374.76836548242;171144.87448408449;171236.83035786595;36.846878983414086;25.551558912729952;171281.76867882384;0.49945624589973758;0.68906232933414757;0.57697591430945538;0.82313093959159878;0.10388697405867506;0.1478677261100001;130.2302355593491;41.23023555934882;414.7697644406511;545;456;586.23023555934856;0.70752264581173596;0.83200592209107982;0.76104543934064428;0.90958281675581243;0.22214752598386428;0.070329828204399147;171205.89955345579;171205.89955345579;171205.89955345579;1.6285118309637732e-27;1.9548604320100849e-27;171205.89955345579;0.49917833566763342;0.6889018974467066;0.57640232153339166;0.82335862743082333;0.10358986308934318;0.14797235247437776;541.09695704616536;452.31757031490901;3.7782197010195477;544.8751767471847;456.0957900159284;997.19274706209455;0.0038156215749678788;0.0075793272987398699;0.0069332063770965674;0.0082861396448815853;0.54260546724111181;0.45357891118392052;70.548374695753338;59.638071964537218;34.04874040397516;36.846878983414108;25.55155891272998;95.093893379091313;3.4991393884080812e-05;0.00013701085923677788;0.00011463221556614741;0.00016380132215331047;2.2787163506954247e-05;2.6030133842659625e-05;539.89107984771613;450.8910798477159;5.1089201522837486;545;456;995.8910798477159;0.0051798308049584262;0.010248220064745746;0.0093741654170344073;0.011203772263780156;0.54209590125168927;0.45272426794335346;65.51058521312207;65.51058521312207;65.510585213122042;2.2618219874496849e-27;8.6272352949866563e-28;65.510585213122056;6.8123273534060296e-05;0.00026360286984195138;0.00022055579568427481;0.0003150516755786494;1.4136992882819966e-05;2.0193907312921017e-05;0.76683030211670922;0.76909590024728547;0.58650229876312288;0.58997731881048121;
570;330;100;670;430;1000;0.10000000000000001;0.18630665602665247;0.14925373134328357;0.23255813953488372;0.56999999999999995;0.33000000000000002;266.46718003478782;26.815635476687266;403.6229531274052;670.09013316219261;430.43858860409216;696.90576863887918;0.57922580518402245;0.75156792598930311;0.60241363072348564;0.93770893262424293;0.38229382041348059;0.03848037440249668;92204.527589176476;91921.30897548444;92205.749782395011;55.406119756323378;24.203085978127657;91923.184411347102;0.22972799045316261;0.31955215806419074;0.20543825948230587;0.49723919306864195;0.03531692575336428;0.084984822599059276;266.78415681170065;26.784156811700534;403.21584318829946;670;430;696.78415681170304;0.57868209325263809;0.75121795401379199;0.60181469132581855;0.93771126322860376;0.38287881809214963;0.038439088655210583;91940.143808341934;91940.143808341905;91940.143808341905;1.3312437983275288e-27;1.7416029303362576e-27;91940.143808341949;0.22913806721391144;0.31912580287518899;0.2048120824422851;0.49724253006134023;0.035014569113927467;0.085008329233326269;570.00587354468837;330.35432898658729;100.08425961750471;670.09013316219284;430.43858860409222;1000.4444621487808;0.10010191869601995;0.18636902437084782;0.14937575114010068;0.23253784858181975;0.5697209429784591;0.33017713832552048;105.46769275727733;72.678194632120096;51.950651399020131;55.406119756323385;24.203085978127625;129.29286507125735;6.3013996348866436e-05;0.00018035965780800872;0.00011766987705135167;0.00028297450930449242;2.7464174518955287e-05;3.8347178417208515e-05;570.44446214877973;330.44446214878104;99.555537851219299;670;430;1000.4444621487808;0.099653134457806894;0.18547859345995457;0.14859035500182;0.23152450663074262;0.57013559289376614;0.33021127264842665;129.29286507125758;129.29286507125749;129.29286507125741;3.5801410887060732e-27;1.2052280018839036e-27;129.29286507125755;0.00015610697276971524;0.00044877773367322984;0.00028802153056640116;0.00069925832921177787;2.3854693607537483e-05;5.7914396757293376e-05;0.78971988851639896;0.79156253214355299;0.47571924638128354;0.47826425891655389;
584;406;10;594;416;1000;0.01;0.020116856232719482;0.016835016835016835;0.02403846153846154;0.58399999999999996;0.40600000000000003;210.2630124306452;32.270625181119598;383.8810235829896;594.14403601363438;416.15164876410989;626.41466119475456;0.61288939712549573;0.77204289539758253;0.64619143029567161;0.92246510341587751;0.33559109947842791;0.051519503396077401;139741.48161008855;139674.4323226299;139803.14548517528;44.080065622023881;22.455273225945295;139611.54674226666;0.36355516645816288;0.56542736823419693;0.39619139397334652;0.80717257813254761;0.0618059877638171;0.12565843943642904;210.24699305766481;32.246993057664675;383.75300694233476;594;416;626.24699305766421;0.61278365311937533;0.7719904069532787;0.64604883323625517;0.92248318976522892;0.33572475277459357;0.051491594106030263;139691.66477497725;139691.66477497725;139691.66477497725;1.9645539548134407e-27;1.8643875525120974e-27;139691.66477497731;0.36335048448369439;0.56531527120150771;0.3959110316832109;0.80720497859061402;0.06164099739516727;0.12567702337348147;583.7368303927218;405.74444314319697;10.407205620912862;594.14403601363438;416.15164876410989;999.88847915683232;0.010464750776885835;0.020931802021687432;0.017517722126718684;0.025012929597716838;0.58377388045432799;0.4057613687687856;98.524401919536544;78.006676348932274;55.140442582943137;44.080065622023909;22.45527322594528;120.16893040944011;5.6733208584829334e-05;0.00022302131250192452;0.00015619689748392948;0.00031860383292478328;2.5069107224496439e-05;3.5456387491386641e-05;583.02519619958366;405.02519619958326;10.974803800416401;594;416;999.02519619958412;0.011079548010919033;0.022077855023528055;0.018476100674101738;0.026381739904847139;0.58355535448263107;0.40536509750644739;93.142571797581425;93.142571797581454;93.142571797581368;3.1924001765718411e-27;1.1179862966537014e-27;93.142571797581439;9.6906866075417638e-05;0.00037693672218005808;0.00026398262024731451;0.00053822214657441231;1.643987316493218e-05;3.3518508968322498e-05;0.76881371979370905;0.77104095172430431;0.57580473152593881;0.57918955351876111;
589;410;1;590;411;1000;0.001;0.0020307342015071835;0.0016949152542372881;0.0024330900243309003;0.58899999999999997;0.40999999999999998;211.26381872247538;32.272347750700597;378.85525103507842;590.11906975755448;411.12759878577918;622.39141750825343;0.60877718555964733;0.7691872246779986;0.64208340573923783;0.92151317157048473;0.33936731596130731;0.051855498479044672;142747.15333343291;142678.95031517014;142790.33594209567;44.003193754536305;21.91458243550575;142633.60225402654;0.36947349629761211;0.58856429804498545;0.4102003732725748;0.84471034188689686;0.062416516617795126;0.12826950387135502;211.25080712999628;32.250807129996197;378.74919287000381;590;411;622.25080712999534;0.60867754186767586;0.76913893975435732;0.64194778452543133;0.92153088289538565;0.33949403625612934;0.051828421876195234;142694.8003703068;142694.8003703068;142694.8003703068;2.4427677464456599e-27;1.9613227805456554e-27;142694.8003703068;0.36927431877421546;0.58845643272013892;0.40992473533555573;0.84474281096078629;0.06225361771261629;0.12828768670420956;586.3342499885357;407.34277901676074;3.7848197690185197;590.11906975755448;411.12759878577907;997.4618487743154;0.0038217685069399233;0.0076837292483120977;0.006413831563661202;0.0092056778581617246;0.58780957492701102;0.40836865656604932;77.733080346060277;55.608009227620769;34.867089590123292;44.003193754536206;21.914582435505771;96.308547502686181;3.5824039073598789e-05;0.00014369802450625102;0.00010006954573310921;0.00020641102619498836;2.1851872250962479e-05;2.7943710217919628e-05;585.02166849904927;406.02166849904864;4.9783315009507154;590;411;996.0216684990495;0.0050479738364939981;0.0101096680454212;0.008437850001611364;0.012112728712775453;0.58733794480839274;0.40761408135511268;64.41437834557135;64.414378345571365;64.414378345571322;2.1067256225959924e-27;7.3024538451946977e-28;64.414378345571322;6.6942143326059297e-05;0.000265637256569637;0.00018504561432223699;0.00038132842183962612;1.1285351803821637e-05;2.3256024786203921e-05;0.76673419901849826;0.76900167236821926;0.5863552900322897;0.58983274789170115;
607;293;100;707;393;1000;0.10000000000000001;0.18971165726122194;0.14144271570014144;0.2544529262086514;0.60699999999999998;0.29299999999999998;336.37791714377403;22.457743845890025;370.98603257143611;707.36394971520951;393.44377641732581;729.82169356109955;0.50838282596167761;0.70325018823762897;0.52452902698297943;0.94292658535584906;0.46084382801902513;0.030773346019297484;73315.937938178409;73193.518586550112;73449.963208775094;62.857584491746117;20.675762513469827;73060.684395021628;0.16683595455440059;0.2637518754932528;0.14682322750526272;0.47399743325956528;0.02143009907865915;0.068763576906831964;336.43167816751742;22.4316781675169;370.56832183248241;707;393;729.43167816751713;0.50802402925966783;0.70301130463350381;0.52414189792430421;0.9429219385050448;0.46122414227359138;0.03075182846674036;73207.457813591536;73207.457813591507;73207.457813591507;2.7529604761530452e-27;1.7383717560684723e-27;73207.457813591536;0.16648463893986049;0.26347739548747862;0.14645914628936257;0.47399114150037597;0.02125073223109299;0.06877452916483498;607.32690596015243;293.40673266226901;100.03704375505718;707.36394971520951;393.44377641732586;1000.770682377478;0.10001930565974536;0.18964016337386361;0.14143648156812952;0.25428865020298108;0.60682899389167444;0.29315170044857947;108.30075670755771;68.165120815963206;49.127921037866969;62.857584491746131;20.675762513469806;128.5290355540389;5.9768994342592667e-05;0.00017726118658130841;9.9666213507538422e-05;0.00032364815072344463;2.4496494381219709e-05;4.0010690825150595e-05;607.77068237747812;293.77068237747812;99.229317622521819;707;393;1000.770682377478;0.099293654326248953;0.18824958295068789;0.14035264161601413;0.25249190234738345;0.60725235804525768;0.29345398762849262;128.52903555403876;128.5290355540387;128.52903555403876;3.7869362418443296e-27;1.0048951972812172e-27;128.52903555403878;0.00015563357717287397;0.00046258259122349302;0.0002571357260973594;0.00083217784222648823;1.9865661455184466e-05;6.4291973484532079e-05;0.78958974555585015;0.79143467342154084;0.47553981077718399;0.47808750011484219;
627;363;10;637;373;1000;0.01;0.020515205324872502;0.015698587127158554;0.026809651474530832;0.627;0.36299999999999999;290.3420768663633;26.533112160370667;346.70602052444787;637.04809739081122;373.23913268481886;663.5812095511817;0.5225369709361708;0.71104555569353511;0.54430876853425103;0.92891847431111141;0.43747562386223537;0.039987405201593433;113404.82266331832;113210.43174856261;113384.77464972042;50.521220236044698;17.985144752294822;113229.45498451109;0.26275596566482873;0.47686296471460304;0.27950260226850637;0.81380199025135214;0.035993312567171858;0.10433821987489535;290.51416231171766;26.514162311717691;346.48583768828217;637;373;663.51416231171879;0.52219896054966275;0.71082281023355576;0.5439338111276022;0.92891645492837127;0.43784137397522305;0.039959665475113287;113222.96661040305;113222.96661040305;113222.96661040305;1.8999304694577353e-27;1.8062264156919629e-27;113222.96661040305;0.26234907878423364;0.47652563166991219;0.27903306218662061;0.81379846480893814;0.03578116359393356;0.1043555762662481;626.73377471709841;362.92481001110536;10.314322673712882;637.04809739081134;373.23913268481891;999.97290740191636;0.010363027304374731;0.021148420312521142;0.016190988504259402;0.027625444227990067;0.62672449456814772;0.36291247812747784;98.731418429090382;64.015370964348023;49.712792783371469;50.521220236044627;17.985144752294854;112.00921896064963;5.102018788499172e-05;0.00020885069577874566;0.0001225651551606877;0.00035606249554059362;2.2023630992918756e-05;3.3366290955699304e-05;626.19952742961891;362.19952742961812;10.800472570381849;637;373;999.19952742961766;0.01089828084027584;0.022157391238703708;0.016955215966062542;0.028955690537216756;0.62666825865997844;0.36243346049974751;88.078591246782437;88.078591246782466;88.078591246782509;3.2440989648564054e-27;8.7887940083759197e-28;88.078591246782381;9.1581499038246466e-05;0.00037069958142761471;0.00021706584595368927;0.00063307140313509228;1.2490581687768e-05;3.6428716089844259e-05;0.76877754650661356;0.7710054485441693;0.5757491909844662;0.57913489646282368;
632;367;1;633;368;1000;0.001;0.0020719259779377829;0.0015797788309636651;0.002717391304347826;0.63200000000000001;0.36699999999999999;291.31155644409768;26.551645417553182;341.66937534892423;632.98093179302316;368.22102076647724;659.53257721057594;0.5181075269148897;0.70773786271281547;0.53984860962109793;0.92789926066749318;0.44163143667171073;0.040261036413399821;116133.90682115259;115905.54014270628;116068.72815299642;49.859958188400562;17.08934640957705;115969.18968962747;0.26746074346012205;0.49799484570631419;0.28980572003185029;0.85596318847805386;0.036312588580785586;0.10675943586701504;291.53420113646956;26.534201136470127;341.46579886353067;633;368;659.53420113647041;0.51773867893816505;0.70749185924262481;0.53944044054270146;0.92789619256394018;0.44203013601473951;0.040231185047094498;115917.20661865348;115917.20661865348;115917.20661865346;2.016252743098005e-27;1.8611563782443121e-27;115917.20661865345;0.26702016761380093;0.49761834011029732;0.28929470641483412;0.85595763393972601;0.036088725638927933;0.10677838040182228;629.36047825588457;364.6005672293403;3.6204535371368523;632.98093179302316;368.22102076647724;997.58149902236346;0.0036535041409490971;0.0074981498608986171;0.0057209595088239234;0.0098280310566141275;0.63086896812333271;0.36547752773571879;81.445169982415592;45.514088606352452;31.061273326604603;49.85995818840064;17.089346409576997;94.368864027259349;3.1853770554313209e-05;0.0001331734012907629;7.7537031019923107e-05;0.000228798298749361;1.908407077949093e-05;2.5507615844231325e-05;628.17359730670978;363.1735973067095;4.8264026932908681;633;368;996.17359730670967;0.0048934044842539508;0.0099999491202182236;0.0076246488045669239;0.013115224710029511;0.63056865849129828;0.36453793702444598;61.959209842049198;61.959209842049127;61.959209842049127;2.1067256225959924e-27;6.8177777050269076e-28;61.959209842049212;6.4419590362722773e-05;0.00026598328285789516;0.00015463167155087791;0.0004575201577419766;8.706536825094288e-06;2.576067413390682e-05;0.76670432419645329;0.768972358291791;0.58630905803268984;0.58978726034497053;
641;259;100;741;359;1000;0.10000000000000001;0.19388475925032941;0.1349527665317139;0.2785515320334262;0.64100000000000001;0.25900000000000001;400.57728986373161;18.812267343243899;340.59776781442503;741.17505767815624;359.41003515766937;759.98732502140092;0.44821300724422575;0.65993427482273082;0.45959333939913632;0.94766387121369755;0.52703219732297424;0.024754795432799799;57884.103341119226;57690.454155660533;57901.447247825672;69.171194676279598;17.35658361652315;57676.801693533678;0.1212975552192833;0.21722778631784409;0.1054419743721272;0.44771271673306273;0.013040187938749056;0.054871341631507753;400.79239740366006;18.792397403660495;340.20760259633965;741;359;759.79239740366143;0.44776438151706377;0.65961069124522997;0.4591195716549783;0.94765348912629488;0.52750235185034178;0.024733266632596628;57699.88666026124;57699.886660261247;57699.88666026124;1.8999304694577353e-27;1.2213838732228299e-27;57699.886660261247;0.12094077075320447;0.21690137418854025;0.10508447143547384;0.44769893669556671;0.012881791302019619;0.054881222599950624;641.27984912102374;259.51482660053642;99.895208557133486;741.17505767815624;359.41003515766937;1000.6898842786948;0.099883801247686158;0.19356233215727853;0.13479245602376855;0.27797312076202568;0.64080879710673178;0.25930740164558319;112.16859654996958;63.276122466140002;47.416856074370003;69.171194676279583;17.356583616523178;131.71930752142435;5.7551892761562178e-05;0.00017875273846023446;8.7524841195368893e-05;0.00037463415047744029;2.1082673166948022e-05;3.9471254406940307e-05;641.68988427869431;259.68988427869323;99.310115721307071;741;359;1000.6898842786948;0.099385847036724193;0.19254717877747962;0.13402174861175026;0.27662984880586916;0.64120043719437858;0.2594137157688976;131.7193075214241;131.71930752142418;131.71930752142413;3.9808066979114456e-27;8.4010530962416876e-28;131.7193075214241;0.00015906327596744747;0.00049514999876484065;0.00023989048523154901;0.0010220226994004087;1.6942342206578986e-05;7.2180679860728875e-05;0.78955301163729208;0.7913985842207335;0.47548916294982269;0.47803760750085444;
667;323;10;677;333;1000;0.01;0.02106122117473716;0.014771048744460856;0.03003003003003003;0.66700000000000004;0.32300000000000001;365.86600675705722;21.989680889716972;311.217686461791;677.08369321884823;333.2073673515078;699.07337410856564;0.44523491355560013;0.65523974669839624;0.45969956061858147;0.93401225224524542;0.5233078304746076;0.031457255969791889;90747.437538630475;90607.546149410526;90742.917646797025;53.764177009418255;13.719256986491958;90611.981344347107;0.18947274605564521;0.40220733056332669;0.19801096360730494;0.81718550914088861;0.020698095692978008;0.084997855287133883;365.97616585937214;21.976165859372646;311.0238341406274;677;333;698.97616585937169;0.44497117381778117;0.65505417614505201;0.45941482147803175;0.93400550792981196;0.52358871199869184;0.031440114183526449;90615.547449586054;90615.54744958604;90615.54744958604;1.9387045606711585e-27;1.1826097820094067e-27;90615.547449586054;0.18920077145036587;0.40194794846361548;0.19770851822508723;0.81717345678639008;0.020566889859189922;0.085007548650205697;666.80322177258165;322.92689590524111;10.280471446265643;677.08369321884823;333.2073673515078;1000.0105891240903;0.010329265013997901;0.021642335105754935;0.015184890551025331;0.030847628812796735;0.66677081033978536;0.32289992464621647;102.29377032981557;60.420529698249169;48.853555958074736;53.764177009418248;13.719256986491954;113.77604717341494;5.0113033298970636e-05;0.00021646147754668372;0.00010665077943497432;0.00043953249906172176;1.8000380109205925e-05;3.3513422858477491e-05;666.12408409341265;322.12408409341316;10.875915906587167;677;333;999.12408409341401;0.010972734534719848;0.022906007038647442;0.016064868399685638;0.032660408127889416;0.66667928653459108;0.32234797893068839;86.458664044208518;86.458664044208547;86.458664044208589;3.360421238496675e-27;9.5319640899665293e-28;86.458664044208575;8.9705693987040641e-05;0.00038350905134473476;0.00018863886868212279;0.00077968656985101157;9.7513721208989366e-06;4.0304598587772068e-05;0.76866937661349932;0.77089936855317842;0.57558517224716077;0.57897357108035274;
673;326;1;674;327;1000;0.001;0.002130081278849053;0.001483679525222552;0.0030581039755351682;0.67300000000000004;0.32600000000000001;368.49970499699384;21.9065177803691;305.30551115196852;673.80521614896179;327.21202893233789;695.71173392933122;0.43888979442634785;0.65023218258048265;0.45316360858449239;0.93305717501501806;0.5296202696025597;0.031489935971093092;92787.59341481734;92473.166071080181;92611.878391998456;56.097425818440186;12.782772290826342;92648.753853953094;0.1917898450220151;0.42006105244526742;0.20406325727602659;0.86489990636994019;0.020607391854046059;0.086736848071453959;368.89452988823899;21.894529888238914;305.10547011176135;674;327;695.89452988823916;0.43843693311098003;0.64989944995950188;0.45267873903822126;0.93304425110630251;0.5301010218508585;0.031462045038161003;92480.327231397561;92480.327231397576;92480.327231397576;1.4604907690389395e-27;1.0921369025114194e-27;92480.327231397561;0.19135188355536939;0.41960601834589051;0.20357740059214541;0.86487601334902264;0.020420204727033257;0.086752975549923506;670.30178523136635;323.70859801474307;3.5034309175947773;673.80521614896179;327.21202893233794;997.51381416370464;0.0035334019203672059;0.0074609600519936412;0.0051991906756682508;0.010707233307398067;0.67195576194526385;0.32451083613436876;83.729050059934067;38.959527584170068;27.448905086043933;56.097425818440215;12.782772290826337;95.112432612228034;2.8133814310282128e-05;0.00012449950875789606;6.0473667575929393e-05;0.00025637368172057534;1.5217406186439998e-05;2.3941594569684299e-05;669.14461218362965;322.14461218362936;4.8553878163708628;674;327;996.14461218362919;0.0049204603811215004;0.010342370689203356;0.0072038394901644768;0.014848280784008747;0.67171929016520837;0.32336024945366842;60.092709956410843;60.092709956410872;60.09270995641085;2.4169183523033777e-27;5.2345023138121284e-28;60.09270995641085;6.2366241202221898e-05;0.00027265542317267562;0.00013228237889831339;0.00056198701901645791;6.6554422655391654e-06;2.8274908496478866e-05;0.76662497400972385;0.76889455033419984;0.58618752985889977;0.58966774108215725;
674;226;100;774;326;1000;0.10000000000000001;0.19907683136872684;0.12919896640826872;0.30674846625766872;0.67400000000000004;0.22600000000000001;463.27320086602157;15.459781906596296;310.67124655460952;773.9444474206299;326.13102846120614;789.40422932722822;0.39359705385574623;0.61839281039825944;0.40146185639505189;0.95260136701236775;0.58681775801472169;0.01958518812953218;44491.108932924719;44327.400885817457;44394.104519488224;74.946359572752925;13.896994033394016;44426.943984218713;0.086234870677377562;0.17584875325587432;0.074165811546803226;0.41712725431606817;0.0076405631859807043;0.04260741902984027;463.45392098073552;15.453920980735514;310.54607901926437;774;326;789.45392098073717;0.39336854001050547;0.61822529405137339;0.40122232431429583;0.9525953344149235;0.58705623268779616;0.019575227301699048;44329.797147316902;44329.797147316895;44329.797147316902;2.4298430493745188e-27;1.1470668650637688e-27;44329.797147316909;0.086065554409697279;0.17568601142704143;0.07399695054937408;0.41711954860285427;0.0075592585623512377;0.04261141163102794;673.80702537128616;225.99360641185999;100.13742204934633;773.9444474206299;326.13102846120614;999.9380538324906;0.10019686248937082;0.19933340623250281;0.12940003674686743;0.30708065350874608;0.67382095815424103;0.22598217935638792;114.62449301484676;54.550078903287798;42.002672596039815;74.946359572752968;13.896994033394021;129.71058428678785;5.1483284009508404e-05;0.00016775416327064513;7.180039712185955e-05;0.00040355866954154145;1.8255847808830776e-05;3.6509542539056282e-05;673.93805383249162;225.93805383249128;100.06194616750892;774;326;999.93805383249071;0.1002110507094448;0.19920015183615819;0.1292790002164198;0.3069384851764082;0.6739374522442928;0.22585149704626298;129.71058428678762;129.71058428678774;129.71058428678791;4.4073217012591009e-27;8.2071826401745716e-28;129.71058428678759;0.00015751554631241889;0.00051406360190385406;0.00021651774447113201;0.0012205068339680436;1.3834811735453367e-05;7.7986597869965851e-05;0.78965112769531753;0.79149496252388973;0.47562406573737626;0.47817048392748474;
703;197;100;803;297;1000;0.10000000000000001;0.20476890254529878;0.12453300124533001;0.33670033670033672;0.70299999999999996;0.19700000000000001;518.65781311270382;12.719010196257612;284.33021135368261;802.98802446638672;297.04922154994028;815.70703466264501;0.34860908743364682;0.58219520860578522;0.35413257561134448;0.95718593891473147;0.63579740218341929;0.015593510382934904;34069.37544740369;33959.634662666926;33986.74432418411;80.665300408988273;10.538182161462872;34045.773863961578;0.061833149368972003;0.14246984631092824;0.052744404203828602;0.38500355673940551;0.0045455213071536387;0.032908540158143602;518.71661634224199;12.716616342241498;284.28338365775852;803;297;815.7166163422412;0.34850775077649121;0.58212396483463347;0.35402662971078286;0.95718310995878331;0.63590290729034693;0.015589341933161423;33960.474112501404;33960.474112501397;33960.474112501412;4.3556229129745366e-27;1.050131637030211e-27;33960.474112501412;0.061756399075332334;0.14239729848296745;0.052667493959453686;0.38500010330580015;0.0045020414925917148;0.032909985067244546;702.74028643563099;196.80148351918513;100.24773803075514;802.98802446638672;297.04922154994028;999.78950798557366;0.10031922336288063;0.20527546673041516;0.12485757157390527;0.33750806720432364;0.70286090941630952;0.19681986722080921;118.0592980318756;47.797650226729758;39.207282472082994;80.665300408988145;10.538182161462894;130.15774386153436;4.8134565499269452e-05;0.00016521294515303424;6.2419336363394277e-05;0.00045028826387466867;1.5314818874116951e-05;3.3747836058602721e-05;702.7895079855723;196.78950798557139;100.21049201442823;803;297;999.78950798557366;0.10037491294952573;0.20519992473318907;0.12479513326827939;0.337409064021644;0.70289877350362817;0.19672631354684625;130.15774386153447;130.15774386153441;130.15774386153447;4.4460957924725234e-27;6.5269720209262344e-28;130.15774386153444;0.0001579905527713972;0.00054575536964302353;0.00020185472575837872;0.0014755608142200261;1.1517511297034866e-05;8.4193165571877726e-05;0.78961858872231372;0.79146299148704913;0.47557912605390973;0.4781262116283162;
706;284;10;716;294;1000;0.01;0.021795649917762623;0.013966480446927373;0.034013605442176874;0.70599999999999996;0.28399999999999997;439.88162414207483;17.916238147950363;276.24375088003882;716.12537502211308;294.15998902798981;734.04161317006469;0.37637833158394729;0.60189673500873109;0.38579798395132531;0.93909952968889021;0.5992123406072386;0.024409327808814316;70893.993223301659;70800.812194460319;70894.453597606189;64.89707135929936;10.848584713297576;70799.92820379771;0.13426635163053161;0.33653955162857913;0.13829558721243937;0.81918216395923593;0.011442019692973015;0.067387778018198896;439.9066108608597;17.90661086085958;276.09338913914024;716;294;733.90661086086061;0.37619728824425713;0.60176348542853064;0.38560529209377142;0.93909316033721357;0.59940395767939514;0.024398754076348967;70805.845144642153;70805.845144642153;70805.845144642153;1.5638883456080679e-27;1.0824433797080636e-27;70805.845144642168;0.13410099345928078;0.33636341895946026;0.13811570555039257;0.81917077542507866;0.011362761955343959;0.067393078034370446;705.95643755473088;283.99105156060733;10.168937467382591;716.12537502211308;294.15998902798975;1000.1164265827207;0.010215143083954185;0.022156388723032945;0.014200465878368249;0.034571919944188963;0.70584920465437162;0.28393565226167294;110.37358743269365;57.324798874382992;46.870580016396509;64.897071359299346;10.848584713297582;120.40418993271142;4.8107861727687164e-05;0.00022263291112830183;9.1443204553491494e-05;0.00054232748289595792;1.5174705098757366e-05;3.5155166981291131e-05;705.2008417973849;283.20084179738495;10.799158202614974;716;294;999.20084179738524;0.010900984760644692;0.023537467159073067;0.015082623188009733;0.036731830621139425;0.70573773314887844;0.28336128209047301;92.011611735883918;92.01161173588396;92.01161173588396;3.7740115447731885e-27;7.6255712719732235e-28;92.011611735883832;9.5714246633677794e-05;0.00043710148850323067;0.00017948022013959485;0.0010645056658786138;8.1101427526992525e-06;4.8101639861027707e-05;0.76859631118475735;0.77082772282087297;0.57547457541267999;0.57886479872763674;
712;287;1;713;288;1000;0.001;0.0022067797555515669;0.0014025245441795231;0.003472222222222222;0.71199999999999997;0.28699999999999998;442.76736737901336;17.833068169027584;270.28948557784048;713.05685295685475;288.12255374686811;730.88992112588289;0.36985426257963927;0.59634081831759633;0.37910729803329712;0.93811169015692952;0.60574489690459399;0.024400840515766516;72560.767978603515;72451.070941443744;72525.063339719185;64.601921305804893;10.230242511473827;72485.96178645725;0.13608571020901547;0.35301724075142793;0.14269664036609714;0.87355257577515399;0.011327374688130189;0.068958766971992158;442.8256125204565;17.8256125204569;270.1743874795435;713;288;730.82561252045798;0.36968417543151094;0.59621536875840109;0.37892620964872908;0.93810551208174786;0.605925032443281;0.024390792125207235;72454.998373122377;72454.998373122391;72454.998373122377;2.4039936552322367e-27;1.1082927738503458e-27;72454.998373122377;0.13592853942575983;0.35284692210691476;0.14252442295482667;0.87354116479941057;0.011251941638910754;0.068963858977519998;709.57041149750307;284.63611228751574;3.486441459352267;713.05685295685475;288.12255374686811;997.69296524436982;0.003516640834859662;0.007691591129136869;0.0048900832180418536;0.012098855207385429;0.71119308404968895;0.28529027511545124;92.327848647634184;37.055783918467064;27.986419351322123;64.601921305804993;10.230242511473842;100.58341934388635;2.8691704192703532e-05;0.00013624211202963016;5.5050902871428666e-05;0.00033727234319030317;1.3400573283405043e-05;2.4695973407369527e-05;708.15094117683225;283.15094117683208;4.8490588231678791;713;288;996.15094117683202;0.0049175080501491558;0.010700804844445581;0.0068009240156632249;0.016837009802666243;0.71087288479675537;0.28420960715308824;63.342085758900282;63.342085758900254;63.342085758900261;2.468617140587942e-27;5.1375670857785704e-28;63.342085758900275;6.588723839336233e-05;0.00030846815957077326;0.00012459863949001765;0.00076367290893736197;5.4540375721171092e-06;3.3428139787080592e-05;0.76652416221240949;0.76879571035223815;0.58603343145635045;0.58951620303180086;
730;170;100;830;270;1000;0.10000000000000001;0.21124141684149264;0.12048192771084337;0.37037037037037035;0.72999999999999998;0.17000000000000001;570.4001169235554;10.348532978711372;259.86288388166474;830.26300080522037;270.21141686037612;840.61153378393112;0.30917257848866175;0.54865462817160893;0.31302736422895755;0.96170585998739355;0.67851601524744631;0.012311406263891296;25566.734030682132;25488.709372461079;25564.351595390242;88.179933162335985;9.4028944301748112;25493.896175946484;0.043775599499085216;0.11386583394817991;0.037097340760352628;0.34967880786191963;0.0026750278219192952;0.024865858057474832;570.34077065264171;10.340770652642499;259.65922934735761;830;270;840.3407706526433;0.30899293953558471;0.54850783503305778;0.31284244499681685;0.9617008494346565;0.67870173302308301;0.012305327441331105;25491.156554694378;25491.156554694368;25491.15655469436;4.7821379163221912e-27;1.0048951972812172e-27;25491.156554694378;0.043678259993519687;0.11374902523290656;0.037002694955282911;0.3496729294196772;0.0026315249202707321;0.024867730007880784;730.19733794462115;170.14575399977699;100.06566286059925;830.26300080522049;270.21141686037612;1000.4087548049976;0.10007063564887324;0.21127921606156816;0.120537387607275;0.37035503119617935;0.72987312535518534;0.17005623899594088;121.46815180445485;41.552632298784594;34.515176257127081;88.179933162335942;9.4028944301747952;131.30997603960404;4.2407561653435168e-05;0.0001546117545279996;5.1695608519314371e-05;0.00047884444711513433;1.376540643057753e-05;3.0957523586889098e-05;730.40875480499699;170.40875480499645;99.591245195003253;830;270;1000.4087548049976;0.099694821029385719;0.21037795740000978;0.11998945204217266;0.36885646368519748;0.73007490756551463;0.17023027140509983;131.30997603960395;131.30997603960395;131.30997603960395;4.7821379163221912e-27;5.1375670857785704e-28;131.30997603960392;0.00015897196077756476;0.00058594366818207966;0.00019060818121585744;0.0018012342392263899;9.5777321823838616e-06;9.0508912214598517e-05;0.78942153903357637;0.79126940178072092;0.47530747619201263;0.47785861518061384;
741;249;10;751;259;1000;0.01;0.022674104791510209;0.013315579227696404;0.038610038610038609;0.74099999999999999;0.249;506.35306471341471;14.474007800684705;244.58032386657183;750.93338857998765;259.0543316672572;765.40739638067123;0.31958262856767539;0.55455056936221681;0.32574450028459345;0.94413210027103611;0.66150590888043193;0.01891146255189214;55138.766683372996;55002.602818887739;55034.729839828789;70.599972292656219;8.1684434789135096;55105.35826872538;0.09586604996218992;0.28291193360810507;0.097638444101472988;0.81997172442873167;0.0063471286004084092;0.052941015558384749;506.47109776703434;14.471097767035117;244.52890223296473;751;259;765.47109776703439;0.31944914556357451;0.554447395378321;0.32560439711446804;0.9441270356485113;0.6616462092069656;0.018904645229461406;55003.9138249475;55003.913824947493;55003.9138249475;3.1536260853584179e-27;6.9793364184161709e-28;55003.913824947493;0.095759094154940466;0.28278338701524008;0.097524496986614154;0.81996263956929005;0.0062970451867538088;0.052944049468170384;740.79689913609855;248.91784222336892;10.136489443888028;750.93338857998765;259.0543316672572;999.85123080335677;0.010182086901540816;0.022982746732856815;0.013499982815444862;0.03912890041540508;0.74088325459886328;0.24893465849959667;113.56440065730131;50.736150954672532;43.192612919182913;70.599972292656332;8.1684434789135292;119.82654498621756;4.4356761930041595e-05;0.00022189008208813488;7.662332186092012e-05;0.00064291133022522685;1.2512414049867453e-05;3.3422267847836751e-05;739.93707114721667;247.93707114721613;11.062928852783923;751;259;998.93707114721758;0.011165924368574038;0.025084200810904494;0.01473093056296132;0.042714011014609844;0.74070101543419631;0.24813306019722792;90.558769385710974;90.558769385711045;90.558769385711045;4.2522253364054081e-27;7.3347655878725503e-28;90.558769385711003;9.4228947073934826e-05;0.00046557624267109149;0.00016056490925674011;0.0013499913445791003;6.1964238787045765e-06;5.2098049582047007e-05;0.76860232261427941;0.7708336057882289;0.57548339495114265;0.57887346113108062;
748;251;1;749;252;1000;0.001;0.0023017535453468182;0.0013351134846461949;0.003968253968253968;0.748;0.251;511.10130905304993;14.306179471039663;237.76355374665863;748.86486279970973;252.0697332176984;763.1710422707489;0.31158566320448366;0.54726657774331455;0.31754010085180673;0.94325006594465233;0.66966740342409592;0.018746933371419798;56199.813778454292;56024.125141838653;56063.501975467487;70.717797982697391;7.8833405252765081;56159.758227067126;0.096486855761123369;0.29700546583112003;0.10001086088698151;0.88225189221144773;0.0061625104285751601;0.053941765596284705;511.30277528534907;14.302775285349146;237.69722471465099;749;252;763.30277528534737;0.31140644849636789;0.54712042970604657;0.31735276997950701;0.94324295521686863;0.66985571925965548;0.018737832243976706;56025.681916472175;56025.681916472146;56025.681916472153;3.4250447238523804e-27;6.171542851469855e-28;56025.681916472189;0.096352475405826046;0.2968279500523035;0.09986734768114891;0.88223862932212371;0.0061065483948334887;0.053945889330593244;745.59304944697021;248.79791986495994;3.2718133527384023;748.86486279970973;252.0697332176984;997.66278266466838;0.0033002582605693733;0.0075308876712940785;0.0043702921768528115;0.012978043907244434;0.74732211260788084;0.24937762913155082;97.300253755367606;32.333070335197071;25.196171613416848;70.717797982697434;7.8833405252765019;103.75843471884126;2.5845047993378498e-05;0.00013343012807166501;4.4942704790976629e-05;0.00039625631420724908;1.0990209732486828e-05;2.2755291968574905e-05;744.03710241387716;247.03710241387674;4.9628975861233311;749;252;996.03710241387626;0.0050319837239079807;0.011423367114052538;0.0066260314901513051;0.019694038040171943;0.74698495514642493;0.24798306112966118;63.868273073322435;63.868273073322406;63.868273073322406;2.4815418376590831e-27;2.366835151152706e-28;63.868273073322428;6.6407379532550803e-05;0.00033837854214785294;0.00011384698614320238;0.001005736222494995;4.208712595930631e-06;3.7180208727477047e-05;0.766510796941268;0.76878259572913654;0.58601274319755392;0.58949584764977259;
753;147;100;853;247;1000;0.10000000000000001;0.21785975343841366;0.11723329425556858;0.40485829959514169;0.753;0.14699999999999999;614.29421707706729;8.4361663637651088;238.74586725386092;853.04008433092758;247.18203361762593;861.47625069469177;0.27716757849230483;0.51994417033731832;0.27990943351281578;0.9658738538444559;0.71303920701372359;0.009793214493973381;19334.592626180514;19200.022239126269;19256.987243328094;92.45802289721442;7.4151555930400983;19282.23817127572;0.031405164483212032;0.091270134107991605;0.026481026300671253;0.31473950401301054;0.0016150002705125081;0.018825816499347271;614.43062185820258;8.4306218582031018;238.56937814179699;853;247;861.43062185820168;0.2769456648953002;0.5197466589992753;0.27968274108065283;0.96586792769958196;0.71326765524623592;0.0097866798584627934;19201.538794687032;19201.53879468704;19201.53879468704;5.2345023138121286e-27;5.501074190904413e-28;19201.538794687032;0.031309913884226846;0.0911360181245853;0.026389913806298512;0.31473288850312287;0.0015786665588122314;0.01882758275321357;752.90935057794968;147.05129986464672;100.13073375297924;853.04008433092758;247.18203361762593;1000.0913841955741;0.10016559125691975;0.21807295729291717;0.11739427598164025;0.40511775093273894;0.75281621441182134;0.14701819433125893;123.14910936675641;38.033361373934625;33.149209709116676;92.458022897214306;7.4151555930400885;132.64381032864173;4.073619034033335e-05;0.00015738117293304953;4.6950436747627175e-05;0.00054584061807286233;1.1341948409591454e-05;2.9438692650281279e-05;753.09138419557462;147.09138419557502;99.908615804425182;853;247;1000.0913841955739;0.10004549062060844;0.21766066405525261;0.11712616155266731;0.40448832309483795;0.75298978528791782;0.1469647240914739;132.64381032864176;132.64381032864179;132.64381032864182;4.5882674602550752e-27;5.7514901966577703e-28;132.64381032864173;0.00016079286759833992;0.0006295656213537444;0.000182300947801143;0.0021741679150394499;8.1072826936422501e-06;9.6689535206909385e-05;0.78940999668772527;0.79125806457211423;0.47529162326333968;0.47784300105359684;
773;217;10;783;227;1000;0.01;0.023719536067679386;0.01277139208173691;0.04405286343612335;0.77300000000000002;0.217;567.44095496730586;11.544137586337991;215.46841334024475;782.90936830755015;227.01255092658249;794.4535058938875;0.27125117654411735;0.51111616624862577;0.27525227715100037;0.94915219030187925;0.71421665878507423;0.014532164670807691;42341.233931590286;42212.229561277469;42222.340246750471;80.251552341518632;6.0407125617142361;42330.267471412473;0.068269920138193441;0.23757166997218848;0.068915076605397779;0.81920631531119081;0.0034754592070629473;0.040993420643820173;567.54324572840699;11.543245728407175;215.45675427159253;783;227;794.54324572840801;0.27117074927748736;0.51105342539701848;0.27516826854609555;0.94914869723168616;0.71430122763763371;0.014528023084878834;42212.561007174416;42212.561007174409;42212.561007174401;5.0018577665315894e-27;5.8726592316997178e-28;42212.561007174416;0.068210373080968098;0.23749478739949934;0.068852256372524082;0.81920008164673197;0.0034455566263005576;0.040995029332259063;772.47476212241077;216.57794474144356;10.43460618513928;782.90936830755004;227.01255092658252;999.48731304899377;0.01047890693247059;0.024752457401909577;0.013325438826876368;0.04598159073617205;0.77284964241468845;0.21667145065284196;114.81987498889664;46.997703152926867;39.815461584092844;80.251552341518561;6.0407125617142361;121.1463418528021;4.0868764278955426e-05;0.00022412956211173769;6.4890650455363139e-05;0.00077468327772638049;9.5416626681852403e-06;3.3798812650712657e-05;771.64285724528895;215.64285724528952;11.357142754710624;783;227;998.64285724528906;0.011468094044508461;0.026938615719614253;0.014504652304866717;0.05003146587978248;0.77267004222960078;0.21586186372589145;95.368113052924627;95.368113052924713;95.368113052924656;4.433171095401383e-27;3.1503949110906329e-28;95.368113052924613;9.9455788526040445e-05;0.00053655663607678834;0.00015555345643605484;0.0018507658416216934;5.0238773913913734e-06;5.9773796619587737e-05;0.76860991145639479;0.77084104151286614;0.57549474603908946;0.57888461927023038;
774;126;100;874;226;1000;0.10000000000000001;0.22500390947689103;0.11441647597254005;0.44247787610619471;0.77400000000000002;0.126;654.77654876852034;6.7964732741661598;219.35211594238226;874.12866471090342;226.14858921654866;880.92513798506957;0.24903301231342989;0.4933692931350373;0.25097003083726138;0.96995007538995215;0.74325112929819181;0.0077158583883777439;14319.179614043873;14209.545208921058;14250.782906105169;101.04513366338853;6.5314833063178934;14280.261529318355;0.022225732796574731;0.072034739271114187;0.018662282131909614;0.27822787537048166;0.00096155983360621331;0.013991224265489269;654.79223349982669;6.7922334998276339;219.20776650017237;874;226;880.79223349982703;0.24887576217798632;0.49322604450236274;0.25080980148761139;0.96994586946979022;0.74341279795252335;0.0077114398694911931;14210.542322106086;14210.542322106088;14210.542322106085;5.2215776167409875e-27;5.9372827170554231e-28;14210.54232210609;0.022164094564492337;0.071943370537788293;0.018603205653936101;0.27822347721250912;0.00093558123469091774;0.013992247850864559;774.00499390461471;126.02491841025935;100.12367080628903;874.12866471090342;226.14858921654871;1000.1535831211623;0.10014235309612479;0.22520117929123337;0.11455057739480227;0.44276273838522079;0.77386394392485547;0.12599370297901893;119.55873912355911;30.917300941601798;27.252761544459513;101.04513366338854;6.5314833063178837;125.54289097930464;3.2864600570764434e-05;0.00013561862361870111;3.6122561195300656e-05;0.00053332353518842899;1.0157930112576432e-05;2.5967102149994423e-05;774.15358312116223;126.15358312116227;99.846416878837701;874;226;1000.1535831211622;0.099969308880582988;0.22465834144997907;0.11424075157761741;0.44179830477361781;0.77400630562998951;0.12602438548942765;125.5428909793046;125.54289097930462;125.5428909793046;4.937234281175884e-27;4.1924486124513806e-28;125.5428909793046;0.00015229880940730527;0.00063558297209101086;0.00016434983031186283;0.0024579624672900107;6.4287718919731476e-06;9.6146615979185747e-05;0.78934491937564599;0.79119412375042919;0.47520175987102176;0.47775447298311724;
781;218;1;782;219;1000;0.001;0.0024164319317741658;0.0012787723785166241;0.0045662100456621002;0.78100000000000003;0.218;574.12512382247905;11.29817934240098;207.75015616668449;781.87527998916164;219.04833550908521;793.17345933156412;0.26195600458518858;0.50201765981851432;0.26574263545056526;0.94842634390182401;0.72379856022639932;0.014245435188411511;42881.54457520703;42725.756567014214;42750.25827572932;78.795201876843095;5.5531032188735523;42856.690703144959;0.06811416856679009;0.24961659551040291;0.069958267503674967;0.89087352301459699;0.0032902192564173644;0.041516111126950528;574.29587530962169;11.295875309621518;207.70412469037799;782;219;793.2958753096209;0.26182444402754768;0.50190287926303268;0.26560629755802911;0.94842066068665931;0.7239365102477191;0.014239045724733196;42726.674886289708;42726.674886289708;42726.674886289715;5.5963938318040778e-27;6.5673616992735494e-28;42726.674886289708;0.068029592318354523;0.2494871765773847;0.069869170934075742;0.89086288622609322;0.003256251517893305;0.04151864959504975;778.52256296084363;215.69561848076677;3.3527170283183723;781.87527998916141;219.04833550908521;997.57089846992835;0.0033785335993459752;0.008102167033834538;0.0042854272077290836;0.015319282679644863;0.7804021732709695;0.21621929312968385;99.508215374946687;30.496066231912735;24.058630287704474;78.795201876843123;5.5531032188735576;105.59348797209447;2.4612420744362406e-05;0.00014049450164895766;3.9289624314449492e-05;0.00050257421090061836;8.1897412633999952e-06;2.3301524387304862e-05;776.82819656891468;213.82819656891499;5.1718034310850625;782;219;995.82819656891479;0.0052446799143485764;0.012497310955733119;0.0066135593747890676;0.023615540781210292;0.78007134375499798;0.21468397633065078;67.358235315469642;67.358235315469585;67.358235315469585;2.7788098702953273e-27;2.0033280460268639e-28;67.358235315469642;7.0083454145133676e-05;0.00039331438715545746;0.00011014814678650223;0.0014044376746829711;3.3545600695556446e-06;4.2772127186149121e-05;0.766512361962015;0.76878412418334119;0.58601499251203093;0.58949805354334894;
793;107;100;893;207;1000;0.10000000000000001;0.23258896055768638;0.11198208286674133;0.48309178743961351;0.79300000000000004;0.107;691.37485588832499;5.4170095673158247;201.70619151977138;893.08104740809756;207.12320108708741;898.49805697541285;0.22452178088977323;0.46900241602654097;0.22588418757284312;0.97384927943691746;0.7694486204871106;0.0060295986231172806;10438.926855341353;10319.153711208191;10348.968018600392;107.46746923979131;5.3034590826636938;10410.326415470539;0.015518019519858574;0.055904869450266272;0.012986370827598716;0.24084384724219535;0.00056787487925492235;0.010195086514865741;691.41393151560897;5.4139315156084011;201.58606848439209;893;207;898.4139315156076;0.22438000744084904;0.46886694131695228;0.22574027825799725;0.97384574147049052;0.76959394405431336;0.006026048504837735;10319.770509955677;10319.770509955666;10319.770509955672;5.5963938318040778e-27;4.0793575130788963e-28;10319.770509955679;0.015470462787130455;0.055827507073024467;0.012940978683220706;0.24084040490923136;0.0005478461652609545;0.010195789321598665;792.86148668066107;106.9036403596523;100.21956072743501;893.08104740809756;207.12320108708744;999.98468776774905;0.10025347208366159;0.23303043422242659;0.11222805240458963;0.48389516303579927;0.79285163422177918;0.10689489369455941;124.32329348840764;27.392269480402355;24.638326377244589;107.46746923979143;5.303459082663684;128.29110411296796;2.9920545172479807e-05;0.00013120964478946878;3.1525546511838016e-05;0.00057519428957369142;8.9277600565862004e-06;2.3773270104236115e-05;792.98468776774973;106.98468776774941;100.01531223225057;893;207;999.98468776774905;0.10015824492069857;0.23262457511951579;0.11199922982334869;0.48316575957608959;0.79297022118310434;0.10687153389619643;128.29110411296784;128.29110411296787;128.2911041129679;5.2991257991678332e-27;2.3102896014664638e-28;128.29110411296787;0.00015591037462026096;0.00069402439863981268;0.00016087687628044928;0.0029940279612818959;5.5211600347963298e-06;0.000102752539116159;0.78931605931733595;0.79116577248716491;0.47516202284721687;0.47771533073840872;
803;187;10;813;197;1000;0.01;0.024987431359600808;0.012300123001230012;0.050761421319796954;0.80300000000000005;0.187;624.63961681419937;9.021501993461138;188.08092369666406;812.72054051086286;197.10242569012519;821.7420425043249;0.22891108395754925;0.46994230675339149;0.23145302073099802;0.95423312476051148;0.76010939159491386;0.010979524447535322;31904.228163086096;31676.425207993343;31716.824967318546;85.866959054526575;4.6566939233700833;31862.127860320586;0.047935196664227991;0.19799901074221973;0.048041736069367139;0.81626257369096222;0.0018541754363082452;0.03098333253194073;625.01784275945329;9.0178427594527495;187.98215724054725;813;197;822.01784275945352;0.22868389886398419;0.46971912508778635;0.23122036560952905;0.9542241484291738;0.76034581378593558;0.010970287350079946;31677.707149593298;31677.707149593301;31677.707149593298;5.3637492845235386e-27;3.75624008630037e-28;31677.707149593291;0.047822779135687617;0.1977866468715439;0.047926161665060404;0.81624641576936685;0.0018193846049180482;0.030986544949060103;802.54511484705176;186.92700002631412;10.175425663810863;812.72054051086286;197.10242569012522;999.64754053717763;0.010214718569416397;0.025422348900309241;0.012517894350361812;0.051633227034237887;0.80280813229065329;0.18697714913993041;117.47552880451276;41.649671710609788;36.861882504523443;85.866959054526575;4.656693923370085;120.56277457021251;3.7867354653813873e-05;0.00023038176873866231;5.5841953235374772e-05;0.00095114601120703925;7.8672436360801515e-06;3.1738906007667876e-05;801.85670967668079;185.85670967668128;11.143290323318643;813;197;998.85670967668079;0.011254235548583177;0.027844220207402862;0.013706384161523562;0.056564925499079502;0.80275536197716013;0.18599040247425955;97.34476598329961;97.344765983299709;97.344765983299681;4.3168488217611134e-27;2.3749130868221692e-28;97.34476598329961;0.0001017534974007142;0.00060779319549265822;0.00014727584195824565;0.0025083038981499064;3.8711415357556725e-06;6.5930700346488065e-05;0.7684810437316042;0.77071465699214925;0.57529918484179832;0.5786922633912287;
809;91;100;909;191;1000;0.10000000000000001;0.23999454738582437;0.11001100110011001;0.52356020942408377;0.80900000000000005;0.090999999999999998;722.06165082523819;4.3474034135026578;186.78294143305632;908.84459225829448;191.13034484655893;913.19199567179658;0.20456302527935388;0.44816896126535127;0.20554188601398091;0.97725670182171342;0.79067592949134147;0.004761045229305455;7666.7301507721995;7508.7065722751158;7535.4101394537856;107.29056953989767;4.4968164736390417;7643.2579935704007;0.010943002922277253;0.043348159970506478;0.009135926581925663;0.20584126621536955;0.00034590319494371525;0.0074371988493623972;722.3447794122734;4.3447794122724801;186.65522058772757;909;191;913.34477941227397;0.2043645096275746;0.44796235182152877;0.20534127677417754;0.97725246381009256;0.79087852605557474;0.0047569643168495733;7509.1555995563385;7509.1555995563358;7509.1555995563376;5.6480926200886421e-27;3.8208635716560749e-28;7509.1555995563367;0.010892000159792987;0.043250770938413119;0.0090878957637369612;0.20583743865454177;0.00032838930399124873;0.0074378948628379569;808.76050719763487;91.046259785897647;100.08408506066122;908.84459225829448;191.13034484655893;999.89085204419348;0.10012618146049213;0.24014711450789278;0.1101348080353684;0.52366746186232216;0.80882852894998314;0.091045289589525472;125.35147691729085;22.675069293386475;21.099019746875026;107.29056953989763;4.4968164736390293;130.15893644066568;2.607303682471898e-05;0.00012003918939609347;2.6726237009224636e-05;0.00056964660974635414;7.5023989286931032e-06;1.962273397084266e-05;808.89085204419382;90.89085204419284;100.10914795580716;909;191;999.89085204419382;0.1002635296814737;0.24025649652834408;0.11013107585897357;0.52413166469008865;0.80895424166439911;0.090782228654127509;130.15893644066577;130.15893644066566;130.15893644066571;5.4025233757369618e-27;1.6721326835788742e-28;130.15893644066577;0.00015819794368847795;0.00074968140837503765;0.00015752381628122351;0.003567855498496903;4.7696026311565088e-06;0.00010802971496599963;0.78928352090639819;0.79113380255760812;0.47511709726060186;0.47767107292823652;
810;189;1;811;190;1000;0.001;0.0025474916689993826;0.0012330456226880395;0.005263157894736842;0.81000000000000005;0.189;629.49862146465921;8.8677976260979694;181.19469984855428;810.69332131321471;190.06249747465193;819.56111893931245;0.22111663636251486;0.46162070450118797;0.22353619731454627;0.95334644648757261;0.76806222016167702;0.010821143475809007;32670.880657424084;32447.685249539332;32473.810449362561;84.447083235281582;4.2761846461693978;32643.005528069207;0.048463535765035606;0.21076183646889951;0.049431445949238921;0.89886339517523184;0.0017723181206770182;0.031747822643230519;629.86561417104178;8.8656141710414555;181.13438582895873;811;190;819.86561417104201;0.22093190032107349;0.46143833886859181;0.22334696156468453;0.95333887278399254;0.76825468425473997;0.010813415424185393;32448.452230339415;32448.452230339422;32448.452230339422;5.26035170795441e-27;3.7158504079530542e-28;32448.452230339415;0.048370163375617142;0.21058116834537877;0.049334675691272541;0.89884909225316867;0.0017426758035768248;0.031750539396242332;807.66695032560017;187.03612648703856;3.0263709876133849;810.69332131321471;190.06249747465191;997.72944780025307;0.0030512416964656145;0.0077120063420307089;0.0037335993937267693;0.01593085495083478;0.80948853928002706;0.18746021902350718;106.95283518103767;25.764610983388344;21.307295106110733;84.447083235281553;4.2761846461693978;109.66022152664354;2.1865276227393577e-05;0.00013853872363150656;3.248185913367098e-05;0.00059111346285813224;7.0113761404311006e-06;2.0302457173420445e-05;805.93624939256154;184.93624939256117;5.0637506074389806;811;190;995.93624939256154;0.0051391675299261776;0.012899862486341366;0.0062438355208865332;0.026651318986520917;0.80921434382549307;0.18564648864458697;69.84613751019792;69.846137510197821;69.846137510197806;2.5461653230147884e-27;1.4944180988506847e-28;69.84613751019792;7.289992985219567e-05;0.00045328144272956122;0.00010619417277264544;0.0019347960529140756;2.6264319772778275e-06;4.7852062784683487e-05;0.76639451431062777;0.76866856618440271;0.58583448456329446;0.5893205293448277;
823;77;100;923;177;1000;0.10000000000000001;0.24740730372035172;0.10834236186348863;0.56497175141242939;0.82299999999999995;0.076999999999999999;749.30216064325521;3.4706372208079705;173.62581145582607;922.9279720990819;177.09644867663448;926.39860931988949;0.18744410353191909;0.42947817371095465;0.18814923554376953;0.98040436955788401;0.80880916321404861;0.0037467332540323684;5548.040457217011;5406.5914069852242;5424.0999541109686;115.65135042396392;3.5779773606096978;5533.0421178780862;0.0076545795146710262;0.033160509760598179;0.0063773759316124766;0.17258491918138352;0.00020987884756376105;0.0053660700967783246;749.46890434230261;3.4689043423014265;173.53109565769819;923;177;926.46890434230193;0.18730377431888529;0.42932860488309593;0.1880076876031406;0.98040167038247772;0.80895202904141539;0.0037441966396990112;5406.8430293861338;5406.8430293861356;5406.8430293861356;6.2297039882899895e-27;3.7400842149614437e-28;5406.8430293861347;0.0076219835043498125;0.03309548836321094;0.0063465887760437035;0.17258268790533141;0.00019734638116344956;0.0053664370122952438;822.7113040157941;76.87978059334678;100.2166680832875;922.9279720990819;177.09644867663454;999.80775269242781;0.10026483179396212;0.24789705992374256;0.10859854499942233;0.56590588225921468;0.82284906872151053;0.076886099484529222;131.05208073235551;19.073103111320094;18.419571366305743;115.65135042396403;3.5779773606096974;134.21582026420953;2.2927763193041661e-05;0.00011076586675126241;2.2854499515734699e-05;0.00057147947535764274;6.6189135080646554e-06;1.7018390080641655e-05;822.80775269242793;76.807752692428494;100.19224730757156;923;177;999.80775269242793;0.10035947519229248;0.24788293760048977;0.1085506471371305;0.5660578943930592;0.82294215717360442;0.076698367634103759;134.21582026420978;134.21582026420964;134.21582026420967;5.2732764050255511e-27;1.2197682860889373e-28;134.21582026420978;0.0001632735881293962;0.00082154005462542208;0.00015754343409393244;0.0042840761040636322;4.2274365640544232e-06;0.00011495661542271762;0.78925203811105704;0.79110287568327997;0.47507377033334514;0.47762839528324091;
829;161;10;839;171;1000;0.01;0.026401035701264376;0.011918951132300357;0.058479532163742687;0.82899999999999996;0.161;674.70146588762123;6.9960226672489636;164.09305661219153;838.79452249981171;171.08907927944071;845.79054516706105;0.19403733197149706;0.43317916393904776;0.19565635253706093;0.95911283786535051;0.79769027051106334;0.0082723975174396006;23904.165222858126;23717.281077504325;23747.752849767199;91.1981760998368;3.5555787512248274;23871.996257183328;0.033879274955386618;0.16548049172299592;0.033769310956199637;0.81114174302049102;0.00099082429760312331;0.023325803842660742;674.99286379545356;6.9928637954515125;164.00713620454837;839;171;845.99286379545401;0.19386356897539178;0.43299582581984186;0.19547930417705423;0.95910605967572204;0.79787062347050375;0.0082658075541051767;23718.240302568433;23718.240302568418;23718.240302568414;6.8759388418470429e-27;3.6027593085805698e-28;23718.240302568429;0.0338058962484541;0.16531961819325749;0.033694463302797434;0.81112958867919893;0.00096904049818747641;0.023327791680333342;828.50255607630891;160.79711285593783;10.291966423502744;838.79452249981171;171.08907927944068;999.59163535575055;0.01032783782881222;0.027168978413095339;0.012267333703232769;0.06017626115967728;0.82882340714035829;0.16084875503082829;118.23564917524669;37.212213586584532;32.918741057866988;91.198176099836942;3.5555787512248225;120.83192829206877;3.3800756060215053e-05;0.00022982407108129826;4.6826390237861389e-05;0.0011287828622945097;6.0752816676854773e-06;2.9730501270405868e-05;827.76851372985971;159.76851372985894;11.231486270141055;839;171;998.76851372985948;0.011342751961569397;0.029652286999625448;0.01338675359969136;0.065681206258134756;0.82877266278670048;0.15988458525172583;96.845631308047942;96.845631308047956;96.845631308047942;4.8338367046067555e-27;2.2941337301275375e-28;96.845631308047942;0.00010112456037309331;0.00067502827306280505;0.00013758025589241988;0.0033119808251444072;2.8987190176154945e-06;6.9781101521800029e-05;0.76842630166557646;0.77066097028220326;0.57521612409703204;0.57861056437392011;
834;66;100;934;166;1000;0.10000000000000001;0.2539642100251232;0.10706638115631692;0.60240963855421692;0.83399999999999996;0.066000000000000003;770.93211812999198;2.831021146881969;163.26076073722618;934.19287886721702;166.09178188410826;937.02390001410004;0.17425588001074596;0.41448135023575294;0.17478416665869068;0.98295670614244135;0.82272248888439825;0.0030216311048553613;4097.1805483318049;3990.3389175639381;4004.989440266882;118.02822881955004;3.25475233779032;4084.0770734415587;0.0055212142133221421;0.025776083812832456;0.0045930740996697281;0.14481667184769778;0.00013478123097764247;0.0039662974832827937;770.8294410017736;2.8294410017735609;163.17055899822648;934;166;936.82944100177326;0.17417319841345272;0.41439482115342391;0.17470081263193443;0.98295517468811044;0.82280659005760637;0.0030202115289411444;3990.5363655650754;3990.5363655650735;3990.5363655650735;6.139231108792002e-27;3.6916166009446647e-28;3990.5363655650749;0.0055016898207112409;0.025738089610465868;0.004574435626699503;0.14481551624201863;0.00012529302867728693;0.003966472830773859;833.99553346358061;65.894436480471299;100.19734540363693;934.19287886721702;166.09178188410826;1000.087315347689;0.10021455196474646;0.25438012193086429;0.10726813819833626;0.60328437212483421;0.83390328132175229;0.065882166713503609;130.40561147958181;16.159383059397605;15.785216305482287;118.02822881954994;3.2547523377903205;132.32682604618455;1.9701626175381488e-05;9.9325880522006709e-05;1.9250109453588405e-05;0.0005528230851886925;6.0637881669862461e-06;1.4764525876833144e-05;834.08731534768935;66.087315347689255;99.91268465231073;934;166;1000.087315347689;0.1000497644101102;0.25374246029213354;0.10697289577335198;0.60188364248379955;0.83399249009811016;0.065957745491778977;132.32682604618441;132.32682604618446;132.32682604618444;5.7127161054443474e-27;1.3409373211308848e-28;132.32682604618441;0.00016072972240866685;0.00085347918040159219;0.00015168901921484431;0.0048021057499703949;3.6603869675150604e-06;0.00011587895679465725;0.7891476100452387;0.79100028165371428;0.47492981668492734;0.47748658998918736;
836;163;1;837;164;1000;0.001;0.0026990774510469327;0.0011947431302270011;0.0060975609756097563;0.83599999999999997;0.16300000000000001;679.828040377256;6.8561721918057152;157.23739354793477;837.06543392519029;164.09356573974057;843.92160611699603;0.18634295370995987;0.42427481304929915;0.18786982115965339;0.95822193164530245;0.80553210321993796;0.0081249430701026831;24487.554141850949;24380.947831357902;24412.943933110022;93.575747945444618;3.2651281055961485;24454.429477013284;0.034360868573885234;0.17773775431899003;0.03485675079969968;0.90654223429379488;0.00093806414482017653;0.023986361352961547;679.85238862148378;6.852388621484514;157.14761137851548;837;164;843.85238862148412;0.1862264881864841;0.4241535743576379;0.18775102912606417;0.95821714255192181;0.80565320273468366;0.0081203090788340045;24382.116019761863;24382.116019761859;24382.116019761859;4.8855354928913197e-27;3.2877198174715063e-28;24382.116019761863;0.034308929951641289;0.17762418057931842;0.034803304199531856;0.90653316551761864;0.0009209301986518372;0.02398777321309194;834.05743888249265;161.08557069704284;3.0079950426977868;837.0654339251904;164.09356573974057;998.15100462223415;0.0030287608267592463;0.0081163716561020935;0.0035929489164447928;0.018335840940792048;0.8355870770087126;0.16138416216452828;111.23443481554972;22.41184435757458;19.375877935856927;93.57574794544459;3.2651281055961481;113.14183815169496;1.9809674244063047e-05;0.00014120121315271361;2.7683154760165992e-05;0.00072045339706592042;5.5274753725978418e-06;1.8795372893956553e-05;832.08603179567933;159.08603179567902;4.9139682043208825;837;164;996.08603179567933;0.0049847989074949927;0.013263180775444059;0.0058709297542662792;0.029963220758054153;0.83534714583333214;0.15966805525916691;65.550233275850786;65.550233275850744;65.550233275850758;3.1536260853584179e-27;1.4701842918422952e-28;65.550233275850786;6.8317884818760053e-05;0.00047753470055549122;9.3567133681123551e-05;0.0024371740510057771;1.8338083795179184e-06;4.7765812858064585e-05;0.76625049073719453;0.7685273530182406;0.58561417523805637;0.5891038733469921;
845;55;100;945;155;1000;0.10000000000000001;0.26128726722320683;0.10582010582010581;0.64516129032258063;0.84499999999999997;0.055;792.30206816074156;2.2489835989512423;152.90629749656125;945.20836565730247;155.15528109551275;947.45734925625391;0.16140640116260829;0.39929474446802016;0.16179058649848954;0.98550654898345269;0.83621967691179355;0.0023739219255984522;2897.4252672563925;2782.6836379894908;2801.6973241346736;119.64959138356832;2.7879537401807375;2880.49915411042;0.0037767977477548916;0.019055345169374287;0.0031388094072514624;0.11583540315316623;8.3370112104126271e-05;0.0027695198673662017;792.24682458295786;2.246824582957673;152.75317541704209;945;155;947.24682458295763;0.16126017697581943;0.3991245976438611;0.16164357186988576;0.98550435752930365;0.83636788415340679;0.0023719388707732999;2782.9098779638989;2782.909877963898;2782.9098779638939;7.6255712719732235e-27;3.8854870570117803e-28;2782.9098779638985;0.0037528278630432781;0.018999214049932708;0.0031162732039572176;0.11583391791733159;7.4513792900507563e-05;0.0027697265309043198;845.24690724954405;55.193822687753055;99.961458407759494;945.20836565730247;155.15528109551275;1000.4021883450575;0.099944114220200359;0.26104013322879449;0.10576723989741033;0.64430134417729523;0.84488963388583893;0.055166251893960627;127.74827205420499;14.252442686624818;13.376840648586693;119.64959138356829;2.7879537401807384;130.71144709145364;1.6662982483944194e-05;8.9661401302597565e-05;1.586328422893961e-05;0.00055319545222630548;5.0579272388621519e-06;1.326042850239365e-05;845.40218834505674;55.402188345055968;99.597811654944067;945;155;1000.4021883450575;0.099701585486890454;0.2602364002873202;0.10539450968777148;0.64256652680609183;0.84504204931775595;0.055256365195353062;130.71144709145355;130.71144709145346;130.71144709145344;5.7385654995866296e-27;1.2843917714446426e-28;130.71144709145355;0.00015868447221635302;0.00089238059116882398;0.00014636930331340497;0.0054406429590615341;3.1507392107420452e-06;0.0001171150419843047;0.78901825656389446;0.7908732008330871;0.47475152427571793;0.47731095923607897;
852;138;10;862;148;1000;0.01;0.027997258642643998;0.011600928074245939;0.067567567567567571;0.85199999999999998;0.13800000000000001;719.47953621012266;5.3631366959909865;142.67113500105182;862.15067121117409;148.03427169704304;867.51380790716621;0.16448190745052141;0.3993740653630824;0.16550546457795742;0.96377426760221874;0.82933534061752323;0.0061827519319544132;17665.120280608742;17592.573495599569;17604.002111537753;100.90913936344816;2.674032262666739;17653.853749917886;0.023871447290564167;0.13793088247568747;0.023693569367700666;0.8031876943322801;0.00052105991837637564;0.017375836517212896;719.36160561456313;5.3616056145629392;142.63839438543724;862;148;867.3616056145629;0.16445094062306553;0.39934840199805371;0.16547377538913868;0.963772935036738;0.82936758493840257;0.006181474438532392;17592.971610999175;17592.971610999179;17592.971610999179;5.2345023138121286e-27;3.3927329811745274e-28;17592.971610999171;0.023855143428762153;0.13790189072395451;0.023676890750748532;0.80318533651384283;0.00051222729307284179;0.017376160370435448;851.88712849873946;137.77072898460665;10.263542712436315;862.15067121117409;148.03427169704304;999.92140019578108;0.010294005354812596;0.028730053939315763;0.011903218337792374;0.069348485002114518;0.8519377343624146;0.13776826028277292;126.8296613790345;33.36708783177226;30.383919644141027;100.90913936344816;2.6740322626667363;129.97491481405009;3.1091763351714627e-05;0.00023805353886427477;4.0854201928230368e-05;0.0013881832596026574;4.6785515191982315e-06;2.7322150895255828e-05;850.81940898488892;136.81940898488932;11.18059101511062;862;148;998.81940898488892;0.011290104851699928;0.031302589842767382;0.012970523219385873;0.075544533885882614;0.85181095493262449;0.13689894021567844;95.708006245336634;95.708006245336549;95.708006245336506;4.5107192778282287e-27;1.8498472683070639e-28;95.708006245336634;9.9770981582485339e-05;0.00075020384904164023;0.00012880530122756753;0.0043694305261749652;2.142322890484001e-06;7.2673492048794965e-05;0.76829378390733072;0.77053102265310014;0.57501542203506462;0.57841316788554531;
853;47;100;953;147;1000;0.10000000000000001;0.26717442433008243;0.1049317943336831;0.68027210884353739;0.85299999999999998;0.047;807.96167752667077;1.839015550822614;145.30704413703714;953.26872166370833;147.14605968785972;955.10773721453097;0.15215689761986387;0.38799005963060906;0.15245055227625201;0.98750325399421313;0.84591742319847818;0.0019256791816583936;2155.4626338549278;2039.5255226819413;2055.1410456781446;126.52520371864526;2.5353682844893171;2141.8320795564341;0.0027258924493672077;0.014605461223636424;0.002263629499907546;0.094391438972893996;5.5889297277680154e-05;0.0020317068302915728;807.83727123296285;1.8372712329620879;145.16272876703803;953;147;954.83727123296285;0.15202877528951275;0.38783768492517212;0.15232185599899042;0.98750155623835245;0.84604706366585625;0.0019241610446311445;2039.6821637167732;2039.6821637167725;2039.6821637167723;5.6610173171597832e-27;3.3523433028272116e-28;2039.6821637167734;0.0027070081534540402;0.014559694510830628;0.0022458290588584472;0.094390400468174138;4.8343586105775229e-05;0.0020318422876366522;853.15260477065942;47.02994279480928;100.11611689305049;953.26872166370845;147.14605968785975;1000.2986644585177;0.10010761149715904;0.26732567905114307;0.10503517321175242;0.68041356321001156;0.85288040991721648;0.047011978585624468;132.2707691862179;12.471754094752193;12.20004334592457;126.52520371864541;2.5353682844893157;134.52744863275402;1.5162571205088195e-05;8.398896028375812e-05;1.4242551556818432e-05;0.0005470158037046099;4.7614915134893607e-06;1.1826062261712453e-05;853.29866445851792;47.29866445851831;99.701335541481512;953;147;1000.2986644585177;0.099819734966461474;0.26637646928235786;0.10461840035832277;0.6782403778332089;0.85302408996357304;0.047156175069965584;134.52744863275402;134.52744863275393;134.52744863275396;5.2215776167409875e-27;1.3005476427835689e-28;134.52744863275402;0.00016347307027484998;0.0009602861613719209;0.00014812388848024416;0.0062255286516152437;2.91941287237128e-06;0.00012270058981921574;0.78901616194460367;0.79087114735951514;0.47474874145824808;0.47730822186566429;
860;139;1;861;140;1000;0.001;0.0028802779948053992;0.0011614401858304297;0.0071428571428571426;0.85999999999999999;0.13900000000000001;726.21083939920061;5.1646475414159987;134.86500007443991;861.07583947364026;140.02964761585602;866.24048701505831;0.15571102569423778;0.3884053627771365;0.15664530391285794;0.9631208460025763;0.83832629296571415;0.0059626813400472257;18001.736804977165;17911.934726205156;17921.884032295704;99.593365893010045;2.3160389364774878;17991.545808902083;0.023941544380028511;0.14863911424533191;0.024181425708039678;0.9138951967312039;0.00047632540597337107;0.017698974110830105;726.16331740891928;5.1633174089187168;134.83668259108131;861;140;866.16331740891815;0.15567123912324812;0.38836712975965137;0.15660474168534394;0.96311916136486742;0.83836765886388032;0.0059611020128705634;17912.283323929372;17912.283323929365;17912.283323929369;5.26035170795441e-27;3.1180831684127802e-28;17912.283323929372;0.023923237994450529;0.14860032623136979;0.024162654671767456;0.91389200632292555;0.00046795907857500072;0.017699382249402987;858.17240706118378;137.1262152033988;2.9034324124571;861.07583947364026;140.02964761585602;998.20205467704136;0.0029225155955987401;0.0083623798442439626;0.0033715528879564895;0.020742416449720847;0.85970426825122837;0.13737321615317233;115.68104878840322;19.900369713624535;17.490317304928617;99.593365893010045;2.3160389364774829;117.84941121252029;1.783400860815585e-05;0.00014503579018348682;2.3581935286043719e-05;0.00089233010006019211;4.0454411258413183e-06;1.7054633642253636e-05;855.91802329223287;134.91802329223304;5.0819767077670424;861;140;995.9180232922331;0.005155083610547717;0.014637505681495012;0.0059024119718548663;0.036299833626907467;0.85941886942509227;0.13542604696435245;67.649622979021501;67.64962297902143;67.649622979021458;3.0631532058604305e-27;1.1713006720721582e-28;67.649622979021501;7.0433124778783207e-05;0.00056122136202937782;9.1255506021037538e-05;0.0034515113764806596;1.3777324031254749e-06;5.2109283817214161e-05;0.76620074123624682;0.76847857832242816;0.58553817105845218;0.58902913355665742;
861;39;100;961;139;1000;0.10000000000000001;0.27360933215482935;0.1040582726326743;0.71942446043165464;0.86099999999999999;0.039;823.55847106003182;1.4607178727250938;137.68863359726743;961.24710465729845;139.14935146999241;962.70782253002324;0.14304107423218024;0.37649207671367574;0.14325852693809013;0.98950336941189876;0.85544144124333554;0.0015174845244835483;1529.5087082146613;1409.2058097012086;1422.549891084605;127.03539300109895;2.2097779615693427;1517.7176430876534;0.0018574030951695347;0.010593312687685852;0.0015415607825386218;0.072943006030933663;3.5893050408737165e-05;0.0014049479596571471;823.45924155587238;1.4592415558744487;137.54075844412557;961;139;962.45924155587159;0.14290555017514261;0.37632435061965874;0.14312253740283629;0.98950185931025736;0.85557829865968726;0.0015161511651709495;1409.3161160776735;1409.3161160776729;1409.3161160776731;6.2814027765745537e-27;3.1907845894379487e-28;1409.3161160776722;0.0018408969137809991;0.010550431700174981;0.0015260249805664121;0.072942193265238431;2.9395015926580478e-05;0.0014050470733156558;861.15355430991769;39.055801122611349;100.09355034738135;961.24710465729834;139.14935146999241;1000.302905779909;0.10008309053998724;0.27369451403777834;0.104140067043806;0.71935030606705797;0.86087607855566473;0.039040830904348053;131.67340270806727;10.492631349484355;10.464301791424891;127.03539300109917;2.2097779615693418;133.25474852251349;1.3120165901338922e-05;7.508476539547057e-05;1.217501576569319e-05;0.0005189603992053894;4.2771978792349211e-06;1.0054516815990518e-05;861.30562822949082;39.305628229492235;99.694371770507772;961;139;1000.305628229491;0.099810393317811996;0.27277310479723926;0.10374024117638689;0.71722569619070309;0.86102395938984022;0.039165647292347866;133.0349857233802;133.03498572338034;133.03498572338026;5.0535565548161536e-27;1.2924697071141058e-28;133.0349857233802;0.00016157813735713354;0.00099592739669693807;0.00014405193354929702;0.0068855124332788198;2.5800423073365195e-06;0.00012332297767784922;0.78897916445255956;0.79083479805078982;0.4746977023722514;0.47725794302280772;
867;33;100;967;133;1000;0.10000000000000001;0.27884376785500148;0.10341261633919338;0.75187969924812026;0.86699999999999999;0.033000000000000002;835.07407504869093;1.1920471499803633;131.93332616046851;967.00740120915793;133.12537331044868;968.1994483591385;0.13628378039137398;0.3677256857236984;0.13645184109865516;0.99104645984322715;0.8624848960463265;0.0012313235623002468;1144.0005074845337;1011.7518995680324;1021.7384487153032;124.68052345462655;2.0752326963598589;1136.0238265370542;0.0013208380296362862;0.007907891179998754;0.0010959382866080924;0.057201057340022378;2.4804808717745377e-05;0.0010092553542939593;835.1910028412733;1.1910028412731952;131.8089971587265;967;133;968.19100284127308;0.1361394636093827;0.36754117404928516;0.13630713253229262;0.99104509141899932;0.86263041030904608;0.001230126081569947;1011.8179579926773;1011.8179579926765;1011.8179579926763;6.3072521707168359e-27;2.9726803263624432e-28;1011.8179579926784;0.0013060686216158231;0.0078672738567671166;0.0010820552460703476;0.057200404657848106;1.9093427973357188e-05;0.0010093309101802646;866.90364852863638;33.021620629927369;100.10375268052128;967.00740120915816;133.12537331044871;1000.0290218390867;0.10011854400776088;0.27901112687641488;0.1035299784795685;0.75197336957824434;0.86686312768571172;0.033018328306528504;127.72571458049261;8.3724752009563712;8.6290124011703533;124.6805234546264;2.0752326963598589;129.47904558007255;1.0911313557717816e-05;6.3249927752258308e-05;1.0069192703552722e-05;0.00045467835327970641;3.876977781827691e-06;8.0957979609529238e-06;867.0329424095537;33.032942409552888;99.967057590447197;967;133;1000.0329424095538;0.10010625854658022;0.27875190999898219;0.10337854973158959;0.75163201195824925;0.86698715237573221;0.032906589077688106;129.21273842791661;129.21273842791663;129.21273842791663;6.0616829263651556e-27;1.1793786077416214e-28;129.21273842791663;0.00015720649663011481;0.0010046787477580958;0.00013818228898844525;0.0073046943540005732;2.298203073462889e-06;0.0001214893105184771;0.78900382010200654;0.79085901256110314;0.47473149520203384;0.47729122420038084;
872;28;100;972;128;1000;0.10000000000000001;0.28350575726657157;0.102880658436214;0.78125;0.872;0.028000000000000001;844.86547978964904;0.98148471942161708;127.13062526021581;971.9961050498647;128.11210997963747;972.97758976928458;0.13067678429092305;0.36027733563866376;0.13080878215564437;0.99233979894339652;0.86831439388130971;0.0010088218277672946;858.53392964264651;730.00488432949135;737.83949859896381;123.75619737234372;1.8350948347627105;854.06351556369646;0.00094471954984219674;0.0059008246833181103;0.00078365100029957732;0.044559169942340209;1.7311998449382469e-05;0.00072852871257359517;844.98064563689798;0.9806456368997083;127.01935436310021;972;128;972.98064563689798;0.13054664554949216;0.36010718246221746;0.13067834811018519;0.99233870596172036;0.86844548124514964;0.0010078732053575689;730.04990733414252;730.04990733414286;730.04990733414286;5.1828035255275643e-27;2.0396787565394481e-28;730.04990733414229;0.00093310349131147166;0.0058678136842057376;0.00077271620532750316;0.04455871016443743;1.2634683968303404e-05;0.00072857954457455811;872.02554278065475;28.141547710429002;99.970562269208273;971.9961050498647;128.11210997963747;1000.137652760292;0.099975862713047939;0.28331137824863356;0.10286316996344549;0.78035390658443571;0.87189088098034007;0.028133256306611079;129.57022792501749;7.5222989184262694;7.9592683771002743;123.75619737234365;1.8350948347627105;132.49745865686725;1.0485669057751559e-05;6.1468906033083182e-05;9.6122906598688309e-06;0.00044581378932046303;3.4150787851239062e-06;7.1933007661447628e-06;872.18090281401658;28.180902814016726;99.819097185983352;972;128;1000.180902814016;0.099943961648872259;0.28299288737377654;0.10269454443002396;0.77983669676549505;0.87200652082631303;0.028049517524814615;129.79036248353435;129.7903624835343;129.79036248353432;5.0018577665315894e-27;1.2702553840230821e-28;129.79036248353435;0.00015751229698698937;0.0010431967149203804;0.00013737569908416533;0.0079217750539266555;2.1327946064750765e-06;0.00012298768429467441;0.78897286033289937;0.79082859782131076;0.4746888483211722;0.47724921495894995;
872;118;10;882;128;1000;0.01;0.02976190476190476;0.011337868480725623;0.078125;0.872;0.11799999999999999;757.95764109455376;4.0852637283679059;123.95351997503678;881.91116106959055;128.03878370340468;885.99642479795739;0.13992044009587573;0.36888444937075776;0.14056884922968307;0.96809720714701997;0.85546819352786219;0.0046113663762617808;13107.92185445253;12976.59208241992;12987.297755505988;101.16231496368046;2.1237856360714371;13098.189487728645;0.016884100387082934;0.11501242951817328;0.016705524411447029;0.79205169143286325;0.00027849162734954288;0.01285701535146965;758.0839050460113;4.0839050460123518;123.91609495398747;882;128;886.08390504601164;0.13984693705190884;0.3687979016487728;0.14049443872334208;0.9680944918280272;0.85554415055183719;0.0046089123962537509;12976.896229970038;12976.896229970042;12976.89622997004;5.441297466950385e-27;1.6822301031657032e-28;12976.896229970034;0.016860259400068814;0.1149455802683003;0.016681444755490337;0.79204688903625731;0.00027079550045164882;0.012857563409017865;871.90612530347926;118.03374793729201;10.005035766112698;881.91116106959055;128.03878370340468;999.94490900688186;0.010030866000763852;0.029774115513308053;0.011344233960974169;0.078150418952524572;0.87194050420147384;0.11802862979776077;123.60930806929304;27.608481541859486;25.522555641823452;101.16231496368053;2.1237856360714424;126.66854033151745;2.608350349260287e-05;0.00022598774115073305;3.2793056891524345e-05;0.0015586953944936811;3.5555091073560657e-06;2.3167380047551406e-05;870.88596864325643;116.88596864325768;11.114031356742325;882;128;998.88596864325643;0.011221674390432611;0.033077474276018801;0.012600942581340513;0.086828369974549416;0.8718451739386418;0.11693315167092921;94.512400246584761;94.512400246584733;94.512400246584804;4.5107192778282287e-27;1.3692100959740059e-28;94.512400246584761;9.8556119262163685e-05;0.00083716340921365703;0.00012149310247091637;0.005768579116612842;1.5829266326745198e-06;7.5158484972942855e-05;0.76822332227336143;0.7704619153726433;0.57490841248412194;0.5783079088780273;
877;23;100;977;123;1000;0.10000000000000001;0.28846967312230543;0.10235414534288639;0.81300813008130079;0.877;0.023;854.69514622253689;0.78114588929081841;122.33296521875285;977.02811144128896;123.11411110804372;977.80925733057916;0.12512425511606817;0.35273674300284963;0.12522432508992892;0.99365586114517734;0.87407681738626652;0.00079892749766356059;621.69062387917131;493.68123699926184;500.32145879389913;125.28872589014019;1.6124210533611738;617.81011658943828;0.00063456959431563065;0.0041369037330850605;0.00052639802144320135;0.032633837015862137;1.1938942298598694e-05;0.00049289155945135012;854.78043732936021;0.78043732935893351;122.21956267064148;977;123;977.7804373293601;0.12499694420056336;0.35256637292751025;0.1250967888133481;0.99365498106212136;0.87420488714848288;0.0007981686509536879;493.71252396792761;493.71252396792732;493.71252396792698;7.909914607538327e-27;1.7448341046040427e-28;493.71252396792761;0.00062485193062093779;0.0041084165394972717;0.0005172315602437721;0.032633519992592251;7.8127147589786671e-06;0.00049292503180468818;877.06981824677609;23.15581791353048;99.958293194513146;977.02811144128896;123.11411110804372;1000.1839293548195;0.099958351761474371;0.28822501254190647;0.10232143843704866;0.81193266394766261;0.87689404305037155;0.023147605188154383;130.9042058340147;6.1798100853513098;6.6467530958086449;125.28872589014017;1.612421053361174;133.19697732846168;9.0245559699623427e-06;5.3302947665502412e-05;8.2470313856859991e-06;0.00039784733798233683;3.1626677824347139e-06;5.9391432976442815e-06;877.33674226259177;23.33674226259199;99.663257737407918;977;123;1000.3367422625918;0.099767025367440434;0.28749827381814225;0.10200947567800191;0.81027038810900898;0.87702605079982288;0.023206923832736866;125.03433148978593;125.03433148978588;125.03433148978588;5.3120504962389743e-27;1.2379436413452294e-28;125.03433148978591;0.00015113026783533017;0.0010404700925330213;0.00013099060530354328;0.0082645469951606633;1.8896279521328205e-06;0.00011922167225338;0.78893717967469745;0.79079354705576554;0.47463974056020192;0.47720084297542087;
880;20;100;980;120;1000;0.10000000000000001;0.29160592175990213;0.10204081632653061;0.83333333333333337;0.88;0.02;860.61239261737342;0.66582780094183047;119.4361616170396;980.04855423441415;120.10198941798144;980.71438203535604;0.12179995351247341;0.34813853657181631;0.12188273059695529;0.99445679264472575;0.87752106996672019;0.00067897652080747492;504.97839060902936;373.81333306272808;379.28360332188828;130.35544747353433;1.5622447159906512;502.35604863442882;0.00047848679168011873;0.0032025771923490875;0.00039696000545601012;0.025960974894950691;9.4394928165880774e-06;0.00037330520954419438;860.66526796603227;0.66526796603190508;119.33473203396815;980;120;980.66526796603239;0.12168753124460033;0.34798714532736263;0.12177013472853859;0.99445610028306775;0.87763408750058958;0.00067838125481060668;373.83483713711678;373.83483713711684;373.83483713711678;6.0358335322228742e-27;1.6600157800746795e-28;373.83483713711666;0.0004703529029994036;0.0031788676627305841;0.00038924910155884693;0.025960752578966417;5.5975882671003508e-06;0.00037332803970299748;880.0748782754921;20.128313459059893;99.973675958921589;980.04855423441415;120.10198941798144;1000.1768676934744;0.099973236868463725;0.29141016806390269;0.10202152421015066;0.83241810023394391;0.8799047275557742;0.020122035575761837;133.88482779467876;5.2494237017665917;5.9335192529392966;130.35544747353421;1.5622447159906492;136.04866052806648;8.0464700093195388e-06;4.7183888784748014e-05;7.3561241077263376e-06;0.00035699529619003114;3.091557400356577e-06;5.1003055563784801e-06;880.44359032466093;20.443590324660637;99.556409675339339;980;120;1000.4435903246609;0.099647066208963617;0.29031238610483789;0.1015881731381014;0.82963674729449455;0.8800385018681145;0.020314431922923343;123.00373495560368;123.00373495560387;123.00373495560389;5.7644148937289117e-27;1.1753396399068898e-28;123.00373495560369;0.00014824609364324836;0.0010459501271735023;0.00012807552577634722;0.0085419260385836034;1.7642510317874225e-06;0.00011766574242559997;0.78892170228330005;0.79077834458392904;0.47461847932510337;0.47717990182350034;
880;119;1;881;120;1000;0.001;0.0030755403045585432;0.0011350737797956867;0.0083333333333333332;0.88;0.11899999999999999;764.81496458738866;3.9041203478237132;116.13603568215439;880.95100026954265;120.04015602997806;884.8551206173662;0.13126591973750912;0.35714389576500294;0.13184790390654785;0.96748068195908388;0.86432146920318642;0.0044126110593041912;13373.180302847259;13247.084718756802;13258.040417964065;104.03381492307193;1.9574209704823569;13362.562967526621;0.016973667131040992;0.1253726530533836;0.017090390537277896;0.91996484033132175;0.00025067612938667311;0.013130300780899154;764.90263790155495;3.9026379015559476;116.09736209844405;881;120;884.90263790155484;0.13119791931510194;0.35706211638669272;0.13177907162138935;0.96747801748703488;0.86439185782436334;0.0044102228605346298;13247.420589614816;13247.420589614812;13247.420589614811;5.6868667113020653e-27;1.4661453240075637e-28;13247.420589614816;0.016951527329452352;0.12530666467664403;0.017067877140973051;0.91995976316769335;0.00024361452088781743;0.013130839593528428;878.38521399726881;117.47436975770373;2.5657862722744218;880.95100026954265;120.04015602997805;998.42537002724555;0.0025818240623929306;0.0078924988205822371;0.0029126884071083263;0.021387838764233842;0.87975855566963745;0.1176596202679705;117.89009137382365;16.208220550334207;14.080088998707447;104.03381492307189;1.9574209704823615;120.356586812072;1.4336228884625235e-05;0.00013315527667289326;1.8129773583448617e-05;0.00097834930724834167;3.1950272693439666e-06;1.417551561385647e-05;875.968853261861;114.96885326186234;5.0311467381376591;881;120;995.968853261861;0.0051048825605943243;0.015473494571290618;0.0057107227447646576;0.041926222817813857;0.87950790618654084;0.11538721125286416;68.300034341956604;68.300034341956547;68.300034341956518;3.1277766912161358e-27;4.9881252758935018e-29;68.300034341956604;7.1143110817289596e-05;0.00064604648450582907;8.7997251011009468e-05;0.0047430579404136308;1.0224149434670832e-06;5.5108236453913552e-05;0.76611170679491192;0.76839127960999665;0.58540193773829896;0.588895157951416;
883;17;100;983;117;1000;0.10000000000000001;0.29486981017782865;0.10172939979654121;0.85470085470085466;0.88300000000000001;0.017000000000000001;866.49240800405414;0.55436507692109971;116.54694384863653;983.03935185268972;117.10130892555782;983.59371692961008;0.11850553219745741;0.34351801798358689;0.11857238256631009;0.99526655462749136;0.88093081955415509;0.00056364824838679739;402.69627417416012;270.46142661386523;275.28300862750132;131.75770399587066;1.5204851308858427;400.99806885455104;0.00034553397044369646;0.0023731239284292736;0.00028677283023177425;0.019758891634393649;7.3972329348369367e-06;0.00027015626827806493;866.55388235815701;0.55388235815532383;116.44611764184474;983;117;983.55388235815724;0.11839322936275688;0.34336444604995858;0.11845993656342302;0.99526596275081114;0.88104362924050772;0.00056314139673628528;270.4771975390052;270.47719753900492;270.47719753900515;8.3235049138148412e-27;1.3712295798913717e-28;270.47719753900526;0.00033831400532819908;0.0023517506807088475;0.00027991335670695246;0.019758725804588016;3.8274218338328442e-06;0.00027017281148312495;883.08701005947592;17.148967132343866;99.952341793213932;983.03935185268961;117.10130892555782;1000.1883189850339;0.099950403499184867;0.29460876207674797;0.1016897466045079;0.85356795448535139;0.88290658381193876;0.017143012688877558;134.99467708818815;4.4931246691031665;5.1758602563189058;131.75770399587068;1.5204851308858438;137.43531819499984;7.2021568527131721e-06;4.1996444214096248e-05;6.585402590509392e-06;0.00032182335965698388;2.9535922868338185e-06;4.3757636694582371e-06;883.67629804641001;17.676298046409276;99.3237019535907;983;117;1000.6762980464105;0.099382763615556327;0.29287561141214558;0.1010414058530931;0.84892052951786934;0.88306565150634742;0.017551584878098301;115.65922622641898;115.65922622641881;115.65922622641885;5.4800715581638082e-27;1.3247814497919584e-28;115.65922622641898;0.00013881475082374469;0.0010056362106791424;0.00011969423870748692;0.0084490632059623667;1.5704422512613813e-06;0.00011085550971795509;0.78890281175753529;0.79075978679303338;0.47459246201559191;0.47715427368094415;
886;14;100;986;114;1000;0.10000000000000001;0.29826968589337927;0.10141987829614604;0.8771929824561403;0.88600000000000001;0.014;872.42186612613716;0.4440693060793956;113.66291101401322;986.08477714015089;114.10698032009255;986.52884644623111;0.11522922168872611;0.33886011478617395;0.11528113372257075;0.99610882101969334;0.88432060129098522;0.00045017702028912862;314.89478446625327;183.76525149499139;188.08705125125783;131.86493671589642;1.4457868193767855;313.36083918098251;0.00023486362129376324;0.0016539272087878532;0.00019507490128624098;0.014141124459692421;5.786613722596762e-06;0.00018359976363282383;872.44365193489034;0.44365193488983501;113.55634806511019;986;114;986.44365193489068;0.11511691521383736;0.33870416268579745;0.11516871000518286;0.99610831636061536;0.88443333787783562;0.0004497469083237225;183.77649941295462;183.77649941295499;183.77649941295468;7.1344327832698643e-27;9.1684569848406879e-29;183.77649941295462;0.00022852358764001852;0.0016349640529959306;0.00018903235501170022;0.014141004879420991;2.4544566487352786e-06;0.00018361133703245907;885.97605509364598;13.998258273587689;100.10872204650475;986.08477714015089;114.10698032009255;1000.0830354137388;0.10011636856611265;0.29845383444998802;0.10153412489153187;0.87733703331982593;0.88588865397003913;0.01399497746384749;134.14187688856467;3.7028997110200605;4.4445948234297932;131.86493671589631;1.4457868193767867;136.18803624715062;6.2896215399723288e-06;3.609874928463799e-05;5.7630498463864591e-06;0.00027991570991411468;2.835925759317142e-06;3.620349828618048e-06;886.84057880307023;14.840578803070249;99.159421196929813;986;114;1000.8405788030703;0.0991915184376886;0.29576249413777544;0.10056736429708937;0.86981948418359545;0.88608378808918575;0.014724693473126663;106.24922344925606;106.24922344925605;106.24922344925606;5.26035170795441e-27;9.7137176425294506e-29;106.24922344925606;0.00012701512913739966;0.00094524415011259166;0.00010928786319760217;0.0081755327369387367;1.3642054696443211e-06;0.00010205256238583733;0.78892773360563861;0.7907842665756718;0.47462671177102078;0.47718800833175401;
888;12;100;988;112;1000;0.10000000000000001;0.30061629390242617;0.10121457489878542;0.8928571428571429;0.88800000000000001;0.012;876.30541497774129;0.37487614082954712;111.71928821496681;988.02470319270674;112.09416435579632;988.39957933353742;0.11304405602768133;0.33571215858439435;0.11308696376357615;0.99665616567148207;0.88657663288073996;0.00037931109157761573;266.021492009403;135.14510347725442;138.73580915070707;131.03278704941059;1.4223240378287094;265.63083409353362;0.00017293041229841615;0.0012378563354440526;0.00014374154380060122;0.010774360274545676;4.8354439348668838e-06;0.00013504205465855832;876.37455571383339;0.37455571383542741;111.62544428616451;988;112;988.37455571383316;0.11293840516728369;0.33556427366518521;0.11298121891312241;0.99665575255504013;0.88668263511024192;0.00037895972247620018;135.15250369157221;135.15250369157204;135.15250369157206;5.441297466950385e-27;1.2641969322709847e-28;135.15250369157229;0.00016740429219937704;0.0012213752863972274;0.00013845549805312733;0.010774274847861259;1.7354706126851294e-06;0.00013505016149146221;887.91125446726107;11.980715630350094;100.1134487254462;988.02470319270674;112.09416435579634;1000.0054188230565;0.10012844134396783;0.30083992423400785;0.10133945513806361;0.89313310269365043;0.88789314479406489;0.01197841386196573;133.02031268814642;3.2824477993880428;4.0596052097750484;131.03278704941067;1.4223240378287085;135.44320303534255;5.8307302108125113e-06;3.3153444811256871e-05;5.3429195562451283e-06;0.00025751071025907943;2.7080911226917152e-06;3.2143363309018992e-06;889.01436164681741;13.014361646818084;98.985638353181912;988;112;1001.0143616468176;0.09899234704358531;0.29756695751299361;0.10018789307002192;0.88380034243912498;0.88810259739192154;0.012905055564488692;99.065174694776601;99.065174694776573;99.065174694776616;4.9501589782470251e-27;9.2290415023616617e-29;99.065174694776601;0.00011808201370283009;0.00089525353071480103;0.00010148623020248701;0.0078974150745198309;1.224149404866348e-06;9.5260371226393259e-05;0.78893455416427272;0.79079096599614307;0.4746360814606751;0.47719723697544325;
890;10;100;990;110;1000;0.10000000000000001;0.30303030303030304;0.10101010101010101;0.90909090909090906;0.89000000000000001;0.01;880.23137601781184;0.30735827733212484;109.79341650821677;990.02479252602961;110.10077478554912;990.3321508033622;0.11087882052592164;0.33256206217601086;0.1109132580186751;0.9972088657215229;0.88881079089169268;0.00031038858238559703;225.74185104750933;93.948645796971732;97.245873611952177;131.57383881022619;1.3625975249360744;225.06224413004659;0.00012107365717185728;0.00087824997103972064;0.0001008015908541218;0.0077648818681935461;4.1627697832734404e-06;9.388994341889114e-05;880.30706607483842;0.30706607484025944;109.69293392515961;990;110;990.30706607483796;0.11076658861356842;0.33240283007624116;0.11080094335874739;0.99720849022872526;0.88892334113864324;0.00031007024778859852;93.954273153594954;93.954273153595025;93.95427315359504;5.6480926200886421e-27;1.0622485405344057e-28;93.954273153595011;0.00011592107234048044;0.00086275732923411579;9.5861925470457318e-05;0.0077648159631070355;1.1592107234048181e-06;9.3896068595789093e-05;889.92960167131548;10.005583930835559;100.09519085471349;990.02479252602973;110.10077478554912;1000.0303764568661;0.10010692193092832;0.30318865101112824;0.10111629435719557;0.90913622572812791;0.88988929066757527;0.010003787401496498;132.86978678751106;2.5406305727500311;3.3479227942285448;131.57383881022628;1.3625975249360731;134.68011546355058;4.9702251274677761e-06;2.6998049706085098e-05;4.5966397559518563e-06;0.00020679908623057758;2.6595171501707676e-06;2.5009149587542658e-06;891.34368653262629;11.343686532625844;98.65631346737419;990;110;1001.3436865326266;0.098621473513959265;0.29895852565871001;0.099652841886236951;0.89687557697612807;0.89013785264860679;0.01124067383743702;91.366123862751991;91.36612386275209;91.366123862752119;4.6399662485396394e-27;1.2601579644362531e-28;91.366123862752019;0.0001084408154015748;0.00083899103638891302;9.3221226265434537e-05;0.0075509193275001604;1.0844081540157581e-06;8.7837060475275388e-05;0.78891933399081893;0.79077601115178342;0.47461505304668072;0.47717652059420179;
890;100;10;900;110;1000;0.01;0.031782086308186408;0.011111111111111112;0.090909090909090912;0.89000000000000001;0.10000000000000001;792.97927400132767;3.0535896823368516;106.97938283755744;899.95865683888599;110.03297251989432;903.01224652122164;0.11848472818172605;0.33997140853438246;0.1188869174976087;0.97225134648242451;0.87813334122294984;0.0033819305953242231;9520.7056297904928;9398.622426944261;9406.4083602747342;106.59005440769758;1.5488261862964383;9513.3138806647858;0.011772441583686736;0.094987891048654113;0.01161918221305233;0.77676523427818156;0.00014458184281551431;0.0093350719424110176;793.05256173542159;3.052561735422497;106.94743826457736;900;110;903.05256173542182;0.11842882576942355;0.33990127133642367;0.11883048696064162;0.9722494387688867;0.87819091996570586;0.0033802542648699902;9398.818889712682;9398.8188897126838;9398.8188897126838;5.5576197405906546e-27;9.9560557126133457e-29;9398.818889712682;0.01175683035954344;0.094937564542552214;0.011603480110756374;0.77676189171179133;0.00013945460969559445;0.0093353912275563021;889.84349691350587;99.917812594514388;10.115159925379876;899.95865683888599;110.03297251989432;999.87646943339917;0.010139112428404434;0.032143684018771677;0.011238832274592995;0.091938872496410709;0.88994103643612787;0.099919851135469043;126.19579528622545;24.679879072501954;23.191877443410988;106.59005440769766;1.5488261862964365;128.07798112007629;2.3733576429541833e-05;0.00023422569815375284;2.8644184283638993e-05;0.0019170724683341398;2.7335238994652737e-06;2.1422299557725229e-05;888.81693526484923;98.816935264849221;11.183064735150809;900;110;998.81693526484878;0.01129268000453832;0.035542112860259878;0.012425627483500908;0.10166422486500754;0.88985921306881444;0.098848106926649054;95.756430482790805;95.756430482790819;95.756430482790819;4.8726107958201787e-27;6.9066349973910031e-29;95.756430482790805;9.9876972423467437e-05;0.00096723667154334286;0.0001182178154108529;0.0079137545853546019;1.1846989180707391e-06;7.9306291209693528e-05;0.76817460483473454;0.77041413751721577;0.57483450195240682;0.57823521045525117;
892;8;100;992;108;1000;0.10000000000000001;0.30551482296115268;0.10080645161290322;0.92592592592592593;0.89200000000000002;0.0080000000000000002;884.21993758263147;0.2419041906006841;107.84802207817027;992.06795966080222;108.08992626877092;992.30986385140397;0.1086968200425293;0.32935405928449579;0.10872333591237798;0.99776241701435064;0.89105937823589731;0.00024380172157363947;190.42922420644015;60.189055594045712;62.90609267994428;131.63872199499551;1.3370512244915578;190.79040079935365;7.8219822583995268e-05;0.00057424141237736779;6.526536407774509e-05;0.0051605653822149244;3.4885770072384712e-06;6.0159635583816546e-05;884.24168772192149;0.2416877219203602;107.75831227807967;992;108;992.24168772192172;0.10860087285953357;0.32921761698230068;0.10862733092548368;0.99776215072296004;0.89115555066469732;0.00024357647576602755;60.192390467940889;60.192390467940818;60.192390467940861;7.263679753981275e-27;1.4903791310159532e-28;60.192390467940925;7.3976238655165411e-05;0.00056183160158995238;6.1167150173099466e-05;0.0051605273034928765;7.1310648568089211e-07;6.0163101914013781e-05;891.96929192677419;7.9912585347418572;100.09866773402914;992.06795966080233;108.08992626877094;1000.0592181955462;0.10010678673062599;0.30569073523675627;0.10091124801833253;0.92608082389561619;0.8919037080802521;0.0079895051891226785;132.01503855585005;2.0765564772601879;2.9329765416584155;131.63872199499556;1.3370512244915578;134.23683217026405;4.412193885348314e-06;2.3196019005470831e-05;4.0981065886741446e-06;0.00017563483377565847;2.5328742447434528e-06;2.0502907787312616e-06;893.75637325970172;9.7563732597006521;98.243626740299277;992;108;1001.7563732597021;0.098159857193351227;0.30014884230624017;0.099035914052721233;0.90966321055832622;0.8921806685664696;0.0096594742401778615;84.489981021181123;84.48998102118108;84.489981021181066;4.3168488217611134e-27;1.3570931924698111e-28;84.489981021181123;9.9904937742761342e-05;0.00078862362810989311;8.5858217576479664e-05;0.0072436540656019123;9.6305057341452426e-07;8.125029145032455e-05;0.78890385292060794;0.7907608014517794;0.47459370000531043;0.47715548574486827;
893;7;100;993;107;1000;0.10000000000000001;0.30678455185033637;0.10070493454179255;0.93457943925233644;0.89300000000000002;0.0070000000000000001;886.16916726171848;0.2109162678971111;106.89448454337072;993.06365180508885;107.10540081126778;993.27456807298665;0.10763148039201237;0.32777524373487787;0.10765434789456627;0.99803097653144379;0.89215615719770003;0.00021236241028885008;177.78211844860633;46.092536920361802;48.70597127566144;132.43338283253334;1.1918868068069552;177.68028251565008;6.0720286934008334e-05;0.00044636462499427561;5.0777424182632045e-05;0.0040261730404062522;3.2050939421358135e-06;4.6072916353876245e-05;886.2107122186809;0.21071221868164874;106.78928778131819;993;107;993.21071221868021;0.10751926799817177;0.32761303794408364;0.10754208235782295;0.99803072692821182;0.89226858029472378;0.00021215170710475162;46.095293397131513;46.095293397131449;46.095293397131513;8.2201073372457126e-27;1.0561900887823083e-28;46.095293397131492;5.6540466624510337e-05;0.00043383397235914438;4.674746731362379e-05;0.0040261414444171233;5.3498496064796796e-07;4.6075760805480825e-05;892.96768476873956;7.0094337749175226;100.09596703635007;993.06365180508874;107.10540081126778;1000.0730855800073;0.10010357137577783;0.30693069298782283;0.10080814369375839;0.93456243405646067;0.89288925395095819;0.007007174673264646;134.20655774828197;1.9794502378590189;2.8612386999287827;132.43338283253328;1.1918868068069539;135.8363677085556;4.4936666091740527e-06;2.3485146738820974e-05;4.1669827932996665e-06;0.00017149722383034808;2.4594121564416008e-06;1.9509570872465314e-06;895.03294815779077;9.0329481577901447;97.967051842209855;993;107;1002.0329481577903;0.097852656549327496;0.3005477809551087;0.098657655430221924;0.91557992375897013;0.89320887795383708;0.0089384654968347847;81.863946326065687;81.863946326065744;81.863946326065786;4.2134512451919849e-27;7.916376956073898e-29;81.863946326065701;9.6552690191571924e-05;0.00077047694916815561;8.3022188883175409e-05;0.0071503141170465058;9.1357995868039559e-07;7.8682383149345953e-05;0.78889310070389695;0.79075024342502542;0.47457900657415308;0.47714101642569257;
894;6;100;994;106;1000;0.10000000000000001;0.30807316842616178;0.1006036217303823;0.94339622641509435;0.89400000000000002;0.0060000000000000001;888.14663585405413;0.17947822000128882;105.92212901647775;994.0687648705316;106.10160723647896;994.24824309053145;0.10654803773508381;0.32616136972229104;0.10656728164646258;0.99830861569406004;0.89327142940896709;0.00018053285594814503;165.44881462243453;33.879186901694361;36.242229637175129;132.26861897576237;1.1883667699912823;165.36113234258838;4.5346144671825276e-05;0.00033297149044155856;3.8036536544877043e-05;0.0030154329661981919;3.0107597202628797e-06;3.3866920386641261e-05;888.17930875318405;0.17930875318244158;105.82069124681756;994;106;994.1793087531845;0.10644024784772838;0.32600515637453714;0.10645944793442381;0.99830840798884513;0.89337939429830626;0.0001803578539618383;33.881149189866647;33.881149189866647;33.881149189866683;6.2943274736456948e-27;1.6660742318267768e-28;33.88114918986674;4.1477662612754097e-05;0.00032156286008377255;3.4291411638712213e-05;0.0030154102162572674;3.8515951827844444e-07;3.38689453365746e-05;893.96938831984539;6.0022306857917531;100.09937655068718;994.06876487053171;106.10160723647896;1000.0709955563231;0.10010645978164812;0.30823284745842083;0.10070930392749022;0.94343483388092864;0.89389288316835902;0.0060006570499940362;133.18408249240335;1.6489638804887428;2.581635554129833;132.26861897576248;1.1883667699912817;134.52677127439671;4.081568816367262e-06;2.0431773459809951e-05;3.8120344609768401e-06;0.00014572572921196816;2.4456243748734176e-06;1.6329931286917766e-06;896.29151985325768;8.2915198532581993;97.708480146741735;994;106;1002.2915198532573;0.097563770154256338;0.3010136106091138;0.098298269765333859;0.92177811459190351;0.89423476396695611;0.0082014658787900301;77.837129678454374;77.837129678454474;77.837129678454517;4.4719451866148055e-27;7.4518956550797658e-29;77.837129678454389;9.1617930799627696e-05;0.00073874501422169551;7.8779649403923078e-05;0.0069274768314750946;8.5075956236744006e-07;7.4811416426066399e-05;0.78889047376857335;0.79074765956556758;0.47457531191136881;0.47713737412363466;
895;5;100;995;105;1000;0.10000000000000001;0.30938112196973411;0.10050251256281408;0.95238095238095233;0.89500000000000002;0.0050000000000000001;890.11933746883881;0.14837235944599747;104.94559689007488;995.06493435891593;105.09396924952088;995.21330671836222;0.10546312897262497;0.3245371208632305;0.10547885957203701;0.99858833574057393;0.89438777228285105;0.00014909874452340369;155.18832150670724;23.538899070094885;25.612804301609216;133.02283848625777;1.1685031294304571;155.94468520134131;3.2213942978934403e-05;0.00023531574296453193;2.7133702515103523e-05;0.0021351768439070136;2.7511393324182938e-06;2.3531857712940117e-05;890.14824160722139;0.14824160721957994;104.85175839278011;995;105;995.14824160722208;0.10536295466096739;0.32439154652057889;0.10537865165103556;0.99858817516934184;0.89448808160054016;0.00014896373848846139;23.540161441901422;23.540161441901404;23.540161441901478;7.8065170309691984e-27;1.722619781513019e-28;23.540161441901358;2.8762025387914932e-05;0.00022531860676622614;2.3777340412516158e-05;0.0021351620355466133;2.6206721479487167e-07;2.3533160483198863e-05;894.97092743412827;4.9999623247357139;100.09400692478506;995.06493435891593;105.09396924952088;1000.0648966836511;0.10010175444836668;0.30953570385672813;0.10060324374487815;0.95242913513514893;0.89490007026100071;0.0049981752906328057;133.95211498717441;1.4508005346669299;2.3939439012521455;133.02283848625783;1.1685031294304542;135.83924054673776;3.8882106006829227e-06;1.9010677405309136e-05;3.6388017042986109e-06;0.00013088639272095247;2.3582750107803572e-06;1.4343480897324546e-06;897.59298321221513;7.5929832122150254;97.407016787784983;995;105;1002.5929832122149;0.097228947335598184;0.30135892141529819;0.097896499284205449;0.92768587416938064;0.89526450957250481;0.0075065430918903149;74.954152649781847;74.954152649781818;74.954152649781804;4.3556229129745366e-27;1.4459504848339057e-28;74.954152649781875;8.8037669237298741e-05;0.00071743625412568936;7.5709353450450443e-05;0.0067985625986197147;8.0216140772000913e-07;7.2032639245170894e-05;0.78888470285829304;0.7907419914770617;0.47456739199547643;0.47712957373482445;
896;4;100;996;104;1000;0.10000000000000001;0.31070887689050725;0.10040160642570281;0.96153846153846156;0.89600000000000002;0.0040000000000000001;891.94872413683743;0.11760795856923686;103.97203496229358;995.92075909913035;104.08964292086256;996.03836705770038;0.10439812550619842;0.32293474534645594;0.10441045777277896;0.99887023136990594;0.89548378897345116;0.00011808552035045778;145.48553348299751;15.073434430062068;16.932571476578783;130.24406290037044;1.1679291361018596;145.94302060688594;2.1699962889714854e-05;0.00015511784104124357;1.8428498184751411e-05;0.0013937037777908877;2.6291073153582343e-06;1.5069730920922329e-05;892.11751048090093;0.1175104808993888;103.88248951910047;996;104;996.11751048090139;0.1042873847099734;0.32277211647069531;0.10429968827218943;0.99887009152981698;0.89559464726378069;0.00011796802624235201;15.07418738951114;15.074187389510975;15.074187389510968;6.2814027765745537e-27;1.0602290566170399e-28;15.074187389511117;1.8382236108106873e-05;0.00014552621437201741;1.5195508328001775e-05;0.0013936933607166203;1.6431592210355672e-07;1.5070638293404778e-05;895.80938419001063;3.9782680117412417;100.11137490912148;995.92075909913046;104.08964292086256;999.89902711087223;0.10013488351230353;0.31094440138218249;0.1005337632287945;0.96178291084596734;0.89588732715508468;0.0039777893326115987;130.66594807258926;1.1143278527429765;2.1431820892560833;130.24406290037058;1.1679291361018582;131.95371800648189;3.5101113301621368e-06;1.5984601396130362e-05;3.3182123627034905e-06;0.00010258595782552391;2.3505537665124755e-06;1.1070699342530074e-06;898.78915393856778;6.7891539385675577;97.210846061432335;996;104;1002.7891539385672;0.097007457882240938;0.3020427280132354;0.09760125106569581;0.93471967366761932;0.89628293125476322;0.0067096108629894069;69.746098412853044;69.746098412853129;69.746098412853144;3.8386350301288939e-27;6.6441020881334501e-29;69.746098412853058;8.1794687658024852e-05;0.00067332887717073866;7.0307432957586357e-05;0.006448418862135109;7.3114986918112956e-07;6.7059205679143824e-05;0.78893403051903876;0.79079045264534831;0.47463538596577459;0.47719655280345613;
897;3;100;997;103;1000;0.10000000000000001;0.31205691338657082;0.10030090270812438;0.970873786407767;0.89700000000000002;0.0030000000000000001;893.88835179275713;0.087159685439027537;103.01375502957286;996.90210682232976;103.10091471501195;996.98926650776923;0.10333734036621522;0.32133076172149688;0.10334637763099666;0.99915475465104553;0.8965752346394037;8.7424994381443894e-05;139.5078617006055;8.4850026372488987;10.196272539117992;130.96877157302458;1.1281597575921296;140.04198611656554;1.3436227157748066e-05;9.1567883394904048e-05;1.1574157804507107e-05;0.00079984716861117658;2.4835185849425042e-06;8.4834591272449812e-06;894.08707238464001;0.087072384639018841;102.91292761536097;997;103;997.08707238464024;0.1032135817071456;0.32114690539225133;0.10322259540156573;0.99915463704233853;0.89669909189469377;8.7326398159702268e-05;8.4855082167285243;8.4855082167286522;8.4855082167286842;7.0568846008430179e-27;1.2278462217584004e-28;8.4855082167284639;1.0327549254449712e-05;8.2631469327678462e-05;8.5366512946347763e-06;0.00079984053320092646;9.0549562016927688e-08;8.4840305015423916e-06;896.83394441909104;3.0327523117731534;100.0681624032386;996.90210682232976;103.10091471501194;999.93485913410234;0.10008791568562189;0.3121438917969816;0.1003916151354034;0.97058964531257552;0.89687990397495543;0.0030321803394228871;131.20054113933924;0.79100105663176257;1.7398415294059912;130.96877157302481;1.1281597575921296;132.49709498439418;3.0691951340475026e-06;1.2752568887172386e-05;2.9368703377785195e-06;7.4140905129909301e-05;2.2955372628595722e-06;7.8746549755618933e-07;900.19919223941815;6.1991922394186671;96.800807760581378;997;103;1003.1991922394184;0.096553369084609597;0.30207361283093764;0.097092084012618332;0.93981366757845997;0.89732272998571538;0.0061239009296758249;66.98808065366876;66.988080653668717;66.988080653668732;4.058354880338292e-27;6.7450762840017397e-29;66.98808065366876;7.8429134074106124e-05;0.00065232669516967568;6.7391825077709475e-05;0.0063142690784870623;6.8764849867123152e-07;6.4429144737081697e-05;0.78892012492586416;0.79077679191720851;0.47461623265890773;0.47717768593559445;
898;2;100;998;102;1000;0.10000000000000001;0.31342572814048836;0.10020040080160321;0.98039215686274506;0.89800000000000002;0.002;895.89173815626521;0.057270214898701412;102.03673052803744;997.92846868430331;102.094000742936;997.9857388992009;0.10225512918594898;0.31968429956897432;0.10226100013139941;0.9994391398772311;0.89768747881445876;5.7391999591099922e-05;134.34284585006972;3.7744364377848028;5.2525743306383132;130.76449425183534;1.1161278772028638;134.81903202503275;7.370191212338294e-06;4.4757439414352227e-05;6.531316583474879e-06;0.00036281025392361643;2.3864071376956987e-06;3.773964609262172e-06;896.05721565058479;0.057215650588806011;101.94278434941083;998;102;998.05721565058423;0.10214122297969029;0.31951491413382876;0.10214707850642386;0.99943906224912737;0.89780145023279478;5.7326787517580959e-05;3.7746472335546435;3.7746472335546684;3.7746472335546697;5.4283727698792439e-27;1.1793786077416214e-28;3.7746472335546364;4.5851239020158209e-06;3.7080506439886227e-05;3.7897912393470982e-06;0.00036280730810790983;3.9424486840155714e-08;3.7742163197548874e-06;897.84630462494738;2.0118366835800647;100.08216405935595;997.92846868430331;102.094000742936;999.94030536788421;0.10010063716590878;0.31356092200883418;0.10030198207759619;0.98029802581435055;0.89788754943333671;0.0020118134007543016;130.06902179910526;0.54207982979442104;1.5339298371556358;130.76449425183552;1.1161278772028631;131.03149585956052;2.7295596307251796e-06;1.0178579664691155e-05;2.6452316827189163e-06;5.1932238363738927e-05;2.2783074844569018e-06;5.4189810583678285e-07;901.57734089028202;5.577340890281806;96.422659109718211;998;102;1003.5773408902821;0.096134598651965456;0.30221342140705343;0.096615890891501952;0.94532018735017798;0.89835842812499489;0.0055069732230356621;64.432810901356376;64.432810901356362;64.432810901356348;3.1536260853584179e-27;5.6747498077978711e-29;64.432810901356348;7.5345493504881577e-05;0.00063296014481272508;6.4691317405709972e-05;0.0061930806325793787;6.4784670613617302e-07;6.2020175961021177e-05;0.78891487486280387;0.79077163168007913;0.47460893836771906;0.47717049834455699;
898;101;1;899;102;1000;0.001;0.0033023269459049797;0.0011123470522803114;0.0098039215686274508;0.89800000000000002;0.10100000000000001;799.61783636978498;2.8922877538593608;99.14532653484639;898.76316290463274;102.03761428870568;901.6554506584896;0.10997346131977698;0.32740438453952758;0.1103275115979796;0.97165803497670722;0.88681845594338859;0.0032080827368346507;9784.9963539454075;9625.137546909953;9633.7166262751853;104.58715646019306;1.3434477958459108;9776.3035291666802;0.011878282498690929;0.10504894704249518;0.011931063254680787;0.92516442598965709;0.00012832882738071405;0.0095632775446390338;799.89116544640376;2.8911654464024057;99.108834553597632;899;102;901.89116544640365;0.10989003172226326;0.32728977492358441;0.11024341997063146;0.97165524072154574;0.88690431245187851;0.0032056558258594355;9625.3549779785753;9625.3549779785735;9625.3549779785735;6.1909298970765663e-27;1.1086966706338189e-28;9625.3549779785753;0.011857056517828741;0.10496799251868713;0.011909605380318215;0.92515907131666475;0.00012311446396908875;0.0095637478752673109;896.21990019733391;99.494351581407557;2.543262707298199;898.76316290463274;102.0376142887057;998.25751448603637;0.0025595161641551799;0.0084000707552540285;0.0028300649748651714;0.024934458882792804;0.89777358349940928;0.099666900336435063;118.98451175455743;15.113071538827523;13.757737455672407;104.58715646019304;1.3434477958459108;120.22610042418621;1.4027225147855668e-05;0.00015006934388659408;1.7054212767029953e-05;0.0013209749328590137;2.3586659318405635e-06;1.3381474813939884e-05;893.84270732922323;96.84270732922441;5.1572926707756555;899;102;995.84270732922323;0.0052335115331420155;0.017031066554620715;0.0057366993000841594;0.050561692850741725;0.89756861321041337;0.097197875256448463;70.59650370361328;70.596503703613237;70.596503703613223;3.3862706326389572e-27;4.3620852615101068e-29;70.59650370361328;7.3562776901460575e-05;0.00076988051760794383;8.7350181085661286e-05;0.006785515542446531;7.638187296048789e-07;5.9334780957840956e-05;0.7661001758024395;0.76837996470026493;0.58538408480112858;0.58887759214164526;
899;1;100;999;101;1000;0.10000000000000001;0.31481583505297045;0.10010010010010011;0.99009900990099009;0.89900000000000002;0.001;897.84778963886447;0.028947741806067732;101.06250042868466;998.91029006755048;101.09144817049093;998.93923780935563;0.10118197815344328;0.31804163525857293;0.10118491010529695;0.99971369245237229;0.89878904770033041;2.8974146226154727e-05;131.50493492939819;0.94304933726772855;2.2205069697766318;131.4603017960174;1.1013828735634204;132.59360472213689;3.6042735779706927e-06;1.5868393781010828e-05;3.3841829369469262e-06;9.2452564928130251e-05;2.2521984096391379e-06;9.4299827864006586e-07;898.02892018710259;0.028920187103472973;100.97107981289663;999;101;999.02892018710213;0.10106922621562432;0.31787294807497157;0.10107215196486155;0.99971366151382779;0.89890182559293075;2.8948191446965561e-05;0.9431025606736767;0.9431025606736656;0.94310256067366038;7.6255712719732235e-27;9.2694311807089775e-29;0.9431025606736918;1.1433741435252594e-06;9.3469961116925541e-06;9.449915988798079e-07;9.2451971441394367e-05;9.6393054860377133e-09;9.4304837901848677e-07;898.8415488722593;1.0227069752013178;100.06874119528962;998.91029006755036;101.09144817049093;999.93299704275023;0.10008828778633003;0.31491533055533666;0.10019043280644956;0.98988509816587178;0.8988895612227541;0.0010221509909166919;131.38303268492717;0.25566668668589032;1.2952287860025242;131.46030179601766;1.1013828735634228;132.70959801085829;2.5411596003135584e-06;8.2019308989788883e-06;2.4905570049627032e-06;2.5015012046392055e-05;2.2200772568843039e-06;2.5544048877792108e-07;903.03176171315795;5.0317617131579864;95.968238286842023;999;101;1004.0317617131579;0.095634055007651694;0.30212321074834841;0.096064302589432424;0.95018057709744519;0.89940087313111305;0.00496507186123352;63.835534743433399;63.835534743433392;63.835534743433406;9.0602126468698807e-27;1.4782622275117584e-28;63.835534743433406;7.4571349003790997e-05;0.00063266766512485716;6.3963397575186745e-05;0.0062577722520766616;6.2867961255178147e-07;6.1506017253828984e-05;0.78890884231427194;0.7907657072792561;0.47460067532537192;0.47716236061500994;
900;0;100;1000;100;1000;0.10000000000000001;0.31622776601683789;0.10000000000000001;1;0.90000000000000002;0;899.88281949284783;1.2947595255393559e-17;100.08400356680964;999.96682305965942;100.08400356680964;999.96682305965942;0.10009935447822739;0.31637619520480309;0.10009935447822739;1;0.89990064552177229;1.2605569336488664e-20;129.96633766660869;1.6764022289748979e-31;1.0928827062188482;131.08895957877732;1.0928827062188482;131.08895957877732;2.1919593616829023e-06;5.4796171833925178e-06;2.1919593616829023e-06;1.232595164407831e-35;2.191959361682918e-06;1.5890037829702324e-37;900;0;100;1000;100;1000;0.09999999999999859;0.31622776601684016;0.09999999999999859;1;0.89999999999998492;0;0;0;0;0;0;0;0;0;0;0;0;0;899.88281949284783;2.5552400129303872e-14;100.08400356680959;999.96682305965942;100.08400356680964;999.96682305965953;0.10009935447822735;0.31637619520480303;0.10009935447822736;1;0.89990064552177229;2.5566795507919137e-17;129.96633766660861;1.7442046373862638e-27;1.0928827062188486;131.08895957877724;1.09288270621885;131.08895957877732;2.1919593616829002e-06;5.4796171833925068e-06;2.1919593616829011e-06;1.7131840190104441e-31;2.1919593616829188e-06;1.7471299155750361e-33;904.48351204132246;4.4835120413218812;95.516487958678013;1000;100;1004.4835120413225;0.095136203729500796;0.30204965604947198;0.09551648795867744;0.95516487958678065;0.90044216329731097;0.0044216329731805197;62.983270394573701;62.98327039457368;62.98327039457368;3.1019272970738537e-27;4.6852026882886336e-29;62.983270394573701;7.3565088731090243e-05;0.00062983270394573578;6.2983270394573719e-05;0.0062983270394573621;6.0797593992634584e-07;6.0797593992636525e-05;0.78889860698002889;0.79075564931427744;0.47458650858610074;0.47714840313608081;
905;85;10;915;95;1000;0.01;0.033917798073754543;0.01092896174863388;0.10526315789473684;0.90500000000000003;0.085000000000000006;822.03740708345015;2.2933251720383656;92.710131785062714;914.74753886851261;95.003456957101037;917.04086404055113;0.10110992823944497;0.31450075239318936;0.10136352028990916;0.97586328100997632;0.89638902036313906;0.0025010513974163362;6989.6504645702435;6840.4037126738831;6841.9682284169039;105.5892524637848;1.0931319781640672;6987.8209333955365;0.0083035313099141181;0.078732871925423137;0.0081809496469207356;0.75794544723770751;7.6823815290864977e-05;0.0068060885450017998;822.29311912662376;2.2931191266233721;92.706880873376733;915;95;917.29311912662399;0.10106572102415183;0.31444132655108026;0.10131899549002892;0.97586190393028127;0.89643441237891686;0.0024998665969318498;6840.436142769694;6840.4361427696977;6840.4361427696986;6.2943274736456948e-27;9.9964453909606615e-29;6840.4361427696967;0.0082929770710945833;0.07869354205084475;0.0081703677539128397;0.75794306291076807;7.3369393262061704e-05;0.0068062814707843984;904.73085056210664;84.986768650693648;10.01668830640738;914.74753886851261;95.003456957101037;999.73430751920705;0.010039843468873906;0.033979878868521468;0.01095029500867405;0.10544993048355149;0.90496040883655116;0.084999747694575217;123.65648031317907;21.399890116667084;20.277911482608328;105.58925246378483;1.0931319781640656;124.51344351554965;2.0738864190938198e-05;0.00023347111792544571;2.4266386886711972e-05;0.0022485044205646319;2.0436754799091506e-06;1.8914707612705941e-05;903.77150741715354;83.771507417153629;11.228492582846448;915;95;998.77150741715366;0.011338563723651709;0.038084574409763608;0.012271576593274805;0.1181946587668047;0.90487409549134035;0.083787340785008588;95.722710879364996;95.722710879364968;95.722710879364982;5.2474270108832697e-27;6.2402053046602917e-29;95.722710879364996;9.9916119626067214e-05;0.0011012103638696012;0.00011433331646733597;0.010606394557270372;8.8397508050707548e-07;8.2003992994739258e-05;0.76813216858126432;0.77037251486887981;0.57477000469376494;0.57817176624203659;
913;86;1;914;87;1000;0.001;0.0035462330730332511;0.0010940919037199124;0.011494252873563218;0.91300000000000003;0.085999999999999993;828.92153974673079;2.149563026756129;84.883697609247463;913.80523735597831;87.033260636003604;915.95480038273479;0.092684451690173197;0.30100259930722173;0.092902565712594684;0.97530480027581767;0.90496850412398044;0.0023470441858467355;7180.3058050305799;7030.904304860529;7037.3307567151405;110.47683607690983;0.93963569322651919;7174.1362116097816;0.008408169003919436;0.088485903599215598;0.0084309486366239798;0.92893167650357078;6.6778752363395166e-05;0.0069978276133244484;829.1486599170961;2.1486599170962104;84.851340082903889;914;87;916.14865991709644;0.092617445280855443;0.30090262849318505;0.092835164204489992;0.9753027595736089;0.90503724501555105;0.0023453097035946147;7031.0541898210167;7031.054189821014;7031.0541898210149;6.1263064117208609e-27;9.6329382858348189e-29;7031.054189821014;0.0083937661739846466;0.088420913375852145;0.0084164326736314299;0.92892775661527738;6.3405541681984729e-05;0.0069981154576513136;911.39432964490004;84.622352924925309;2.4109077110783104;913.80523735597819;87.033260636003618;998.42759028090438;0.0024240792112049624;0.0085497033877878475;0.0026387541246123331;0.027703421681757309;0.91282015940328276;0.084755761385513301;122.08429379619518;11.770796496761401;10.941606175830129;110.47683607690978;0.93963569322651841;123.17034255094333;1.1129260581048543e-05;0.00013758467319574717;1.3115170337495652e-05;0.001443862764958825;1.715512749232676e-06;1.0670194173298835e-05;908.83051035537176;81.830510355371317;5.1694896446286736;914;87;995.83051035537176;0.005245046552376534;0.018332215148485091;0.0056558967665521452;0.059419421202628386;0.91263104990003496;0.082123903547579855;69.955825575044173;69.955825575044216;69.955825575044187;3.5672163916349321e-27;3.3725381420008699e-29;69.955825575044173;7.2853444862712655e-05;0.00087974830321491863;8.3739718139713189e-05;0.009242413208487784;5.5032652079777015e-07;6.0739935812968277e-05;0.76601978675498994;0.76830114657643933;0.58526116965131036;0.58875671759703119;
918;72;10;928;82;1000;0.01;0.036250924410358848;0.010775862068965518;0.12195121951219512;0.91800000000000004;0.071999999999999995;847.60195235191657;1.7083083091528979;80.317647601396871;927.91959995331422;82.02595591054984;929.62790826246567;0.086408745770424941;0.29113571503270924;0.086567890137674131;0.97917594271826469;0.91175342809292603;0.001837826136649057;5068.5152602275957;4940.9282160068287;4945.2960777122771;112.04913346890308;0.78300662282640066;5064.3341094845382;0.0058400869222735409;0.064971339599013259;0.0057462367315196375;0.73483501569807486;4.0911525604749396e-05;0.004922738227091065;847.70767438806809;1.7076743880670444;80.292325611933009;928;82;929.70767438806809;0.086362987096471389;0.29106710264901048;0.086521902599065711;0.97917470258455053;0.91180023273078159;0.0018367801727470078;4941.0164097274783;4941.0164097274728;4941.0164097274737;6.2814027765745537e-27;9.9156660342660298e-29;4941.0164097274774;0.0058313131304753591;0.064931355258193296;0.0057374688913489746;0.73483289853174782;3.8437162522612181e-05;0.0049228836064653158;917.77913678229299;71.885492739529511;10.140463171020277;927.9195999533141;82.025955910549811;999.80509269284403;0.010160288924700426;0.036760526790018969;0.010928310658601751;0.12366259211694063;0.91794851019986057;0.071891200875440806;127.30765139207485;18.558841487456316;17.483913733090642;112.04913346890302;0.78300662282640088;128.56929010883573;1.789058026393778e-05;0.0002299766025615731;2.0316452656280653e-05;0.0026060926779109921;1.4878184775453075e-06;1.6741319007036052e-05;916.78239822866874;70.782398228667589;11.217601771332342;928;82;998.78239822866897;0.011329139587619001;0.040664843387807632;0.012087932943246069;0.13680002160161392;0.91789208965724567;0.070778770755138082;97.281884762735231;97.281884762735373;97.281884762735388;4.8209120075356144e-27;4.584228492420344e-29;97.281884762735231;0.00010150866115522079;0.0012784099658685781;0.00011296294957028363;0.014467859125927315;6.6909541967230687e-07;8.5695162090282587e-05;0.7680740277172613;0.77031550097512902;0.57468193306907567;0.57808514452786619;
926;73;1;927;74;1000;0.001;0.0038180733990583657;0.0010787486515641855;0.013513513513513514;0.92600000000000005;0.072999999999999995;854.38401690423166;1.5814889864582644;72.449584016446053;926.83360092067858;74.031073002904364;928.41508990713737;0.078045928097954187;0.27659452601738566;0.078179155315926049;0.9786399926167646;0.92025045818888229;0.0017036137131632792;5240.68475332446;5100.6090776334213;5105.6207357689964;111.111744316566;0.62705517939995514;5235.5386470331541;0.0059375457278040382;0.07441160980231766;0.0059459546169055759;0.93146994251285431;3.4613531018871103e-05;0.0050831811817923546;854.58075434702346;1.5807543470242915;72.419245652975675;927;74;928.58075434702357;0.077989179287435081;0.27650199540749937;0.078122163595443078;0.9786384547699426;0.92030849224048861;0.0017023284720756044;5100.7131983159734;5100.7131983159716;5100.7131983159716;7.0956586920564411e-27;7.5932595292953713e-29;5100.7131983159743;0.0059273398577806245;0.074356587631067492;0.0059356930795026897;0.93146698289188468;3.2393294079753604e-05;0.0050833632228378701;924.54043686892169;71.737908951147475;2.2931640517568948;926.83360092067858;74.031073002904364;998.57150987182638;0.0023051723589296792;0.0087565354092157873;0.002474540466288287;0.030988357453517228;0.92585469097698292;0.071840136664087437;121.55403747186173;10.633267523027897;9.9865214942949869;111.11174431656606;0.62705517939995681;122.06633534485483;1.015806619049747e-05;0.00014561945444966834;1.1635021010462487e-05;0.0018230826121746974;1.2240637060826026e-06;9.8002608097313024e-06;921.86326051876415;68.863260518764193;5.1367394812357734;927;74;995.86326051876381;0.0052119296794070052;0.019612448371199173;0.0055412507888196036;0.069415398395078043;0.92568862857515644;0.069099441745444398;69.616548892954967;69.616548892954924;69.616548892954967;3.3216471472832518e-27;3.1907845894379486e-29;69.616548892954967;7.2526044464316848e-05;0.0010148480843895488;8.1012684190751421e-05;0.012713029381474677;3.9635950411888286e-07;6.2199272519164968e-05;0.76598049886289532;0.76826261676621699;0.58520086640783797;0.58869740580855445;
929;61;10;939;71;1000;0.01;0.038729155707779579;0.010649627263045794;0.14084507042253522;0.92900000000000005;0.060999999999999999;868.86550995397579;1.2771246295076675;69.749243995164505;938.61475394913975;71.026368624672145;939.89187857864636;0.074219456748977466;0.27014759209777223;0.07432048489805769;0.9820211162082163;0.92442159996429718;0.0013589432867256914;3729.5738664185574;3566.8257348420475;3570.5303084898947;112.76993458867365;0.59744361957318026;3725.6548794372356;0.0041254928430714622;0.053558976855528607;0.0040553405375687284;0.7075777997529058;2.2381418046010337e-05;0.0035570602099412791;869.27660788822106;1.2766078882199638;69.723392111779987;939;71;940.27660788822106;0.074152005228873899;0.27003281095716963;0.074252813750564486;0.98201960720817061;0.92449030458292059;0.0013576901882053031;3566.8869204819644;3566.8869204819639;3566.8869204819644;7.4058514217638253e-27;8.7645602013675295e-29;3566.8869204819644;0.0041154841536511378;0.05350143125713553;0.0040453691365885227;0.70757526690774941;2.0337374393251517e-05;0.0035572089044617599;928.72805231030156;61.139666985835049;9.8867016388371827;938.61475394913975;71.026368624672145;999.75442093497338;0.0099039193932846936;0.038292953487739756;0.010533566104066115;0.13921634803765542;0.92894774873072239;0.061148331875993188;125.13648949088369;15.09001050352801;14.465192772975819;112.76993458867361;0.59744361957318093;125.54689388795789;1.4787496810078625e-05;0.00021700787574959105;1.6423087945529611e-05;0.002870892586869375;1.1657879984237716e-06;1.3880979660361074e-05;927.78522309874916;59.785223098749853;11.214776901250175;939;71;998.78522309874927;0.011326795258793374;0.043433884083652813;0.011943319383653018;0.15795460424296023;0.92890673023428649;0.059766474506923795;97.716815419492164;97.716815419492121;97.716815419492136;5.6480926200886421e-27;3.7562400863003698e-29;97.716815419492164;0.00010209527006998617;0.0014657009317597673;0.00011082509707661774;0.019384410914400404;5.0452137675014501e-07;8.8245802981450774e-05;0.76803028459188716;0.77027259934533165;0.57461551757468465;0.57801981627835042;
938;61;1;939;62;1000;0.001;0.0041444925100913013;0.0010649627263045794;0.016129032258064516;0.93799999999999994;0.060999999999999999;877.68319133710042;1.1299962697408188;60.88416782036073;938.5673591574614;62.014164090101545;939.69735542720207;0.064799557014940001;0.25237182677509623;0.064877603684204935;0.98178056635341904;0.9339978178934657;0.0012026250915943906;3750.7026163227674;3584.4204203623735;3586.5568588328297;112.18774925889655;0.47394831400997217;3748.4734132247286;0.0040714295475569933;0.061620782112987493;0.0040731047044526986;0.9324835685450461;1.7113060856224872e-05;0.0035757296211624541;878.12968069400677;1.1296806940063386;60.870319305993561;939;62;940.12968069400677;0.06474672968143276;0.25227658245055651;0.064824621199141258;0.98177934364505826;0.93405165110864186;0.0012016192099246518;3584.4577785539291;3584.4577785539263;3584.4577785539263;7.8323664251114806e-27;4.5084978455191268e-29;3584.45777855393;0.0040636489375991038;0.061569579486652266;0.0040652970481069714;0.93248121190268674;1.5589471982693108e-05;0.0035758493303986935;936.57023658097728;60.017041513617485;1.9971225764840919;938.5673591574614;62.014164090101552;998.58440067107881;0.0020075862090686144;0.0082798654238750227;0.0021286555085935741;0.032208612569241554;0.9378908553973101;0.060101558393620712;121.76769923427786;8.3054135894970873;7.8574315835246802;112.1877492588966;0.47394831400997228;122.12291661265625;7.985568306128269e-06;0.00013510701209199671;8.9308444612058632e-06;0.0020447382314464435;9.0170068895388672e-07;7.7130310371544111e-06;933.8226238916933;56.822623891692736;5.1773761083072936;939;62;995.82262389169318;0.0052546410191683084;0.021457596502805251;0.0055137125754071356;0.083506066263020928;0.93773647578104147;0.057008883199801678;71.564005489257013;71.564005489257013;71.564005489257013;3.2182495707141233e-27;1.4893693890572702e-29;71.564005489257013;7.4650279502827755e-05;0.0012292419095341134;8.116400254644813e-05;0.018617066984718305;2.8638262278065493e-07;6.5689274854527783e-05;0.76592760199006171;0.76821075118160076;0.58511992937312018;0.58861781027689897;
939;51;10;949;61;1000;0.01;0.041562530015138717;0.01053740779768177;0.16393442622950818;0.93899999999999995;0.050999999999999997;888.49959187613558;0.93203570898496046;60.104538494024567;948.60413037016133;61.0365742030096;949.53616607914614;0.06330680119543125;0.2497954599667383;0.063369026462777645;0.98473200887765489;0.93571154233970055;0.00098165646486838968;2663.6872422634874;2506.8036107280691;2510.8600911102922;113.11863441489243;0.42253237374187702;2659.6221665468029;0.0028425593340891233;0.043364626627560778;0.0027921283934064702;0.67370927166969874;1.1798033650635861e-05;0.0025018375866679913;888.93143200752786;0.93143200752580024;60.068567992474136;949;61;949.93143200752797;0.063234638294359047;0.24966016601536081;0.063296699675947449;0.9847306228274465;0.93578483867727191;0.00098052302836953748;2506.863747714181;2506.8637477141824;2506.8637477141815;6.7983906594201965e-27;3.1150539425367314e-29;2506.8637477141815;0.0028339295293444569;0.043304664922769048;0.0027835453743824175;0.6737070001919313;1.0337272599441595e-05;0.0025019505617656619;938.76019771073061;51.192641543579427;9.8439326594302123;948.60413037016133;61.036574203009614;999.79677191373867;0.0098584238953443159;0.040914795444307317;0.010378018589682368;0.16131432539710183;0.93894391132790078;0.051197664776753922;123.59499003344455;12.268416225543419;11.714048349004292;113.11863441489221;0.4225323737418768;124.14076257553199;1.1984211509041918e-05;0.00020272382051349136;1.3029130076344286e-05;0.0031584224959112896;8.3043633729158486e-07;1.1433001175939905e-05;937.84365406098527;49.84365406098685;11.156345939013132;949;61;998.84365406098527;0.011266932553514221;0.046368596294950375;0.011755896669139228;0.182890917033002;0.93892348229132405;0.049809585155163413;96.93620595258173;96.936205952581759;96.936205952581801;4.9630836753181662e-27;2.4536729595994351e-29;96.93620595258173;0.00010117798159457301;0.0016745185778400374;0.0001076350192289167;0.026051116891314598;3.6906506177177358e-07;8.9325547889475382e-05;0.76797292282321572;0.77021634298219266;0.57452847100551896;0.57793419636355092;
947;43;10;957;53;1000;0.01;0.044402364364525361;0.010449320794148381;0.18867924528301888;0.94699999999999995;0.042999999999999997;904.34699143250782;0.68965617619421782;52.346269121815098;956.69326055432305;53.035925298009296;957.38291673051651;0.054683479131115667;0.23239637858610443;0.054722915178481317;0.98699815672629942;0.94459609241973563;0.00072042844914742147;1938.1825381087215;1790.1668741558365;1793.5208072277815;118.71981972967258;0.33200442590496371;1934.8767030261911;0.0019973416215431287;0.035345042369640117;0.0019608818227488238;0.63731361909629902;6.5329413681761548e-06;0.0017875640430035963;904.6891520198152;0.68915201981525953;52.310847980184725;957;53;957.6891520198152;0.054621950694269582;0.2322725332233454;0.054661283155887898;0.98699713170159831;0.94465845209228183;0.00071959721344956476;1790.2093659009943;1790.209365900995;1790.2093659009947;7.2119809656967107e-27;3.0544694250157576e-29;1790.2093659009947;0.0019911203138872199;0.035295230099978238;0.00195469926363516;0.63731198501281516;5.4828516436711784e-06;0.0017876341028853016;946.70277903558485;43.045443779271793;9.9904815187375284;956.69326055432282;53.035925298009275;999.73870433359559;0.010004307361488161;0.044357686835668146;0.010443558987067107;0.1884154926041281;0.94694380641432641;0.043051886224183891;128.00673487573579;10.775137698603464;10.326478996488298;118.71981972967241;0.33200442590496398;128.50349156726534;1.0564508984977794e-05;0.000203696799603581;1.1292465407725267e-05;0.0036799135665586727;6.5297365386744514e-07;1.0147873564796458e-05;945.69533197046974;41.695331970468864;11.30466802953107;957;53;998.69533197046951;0.011417427873928736;0.050195398886724044;0.011812610271192368;0.21329562319870005;0.94692562012146997;0.041656952004604321;97.577732396755039;97.577732396755067;97.577732396755081;5.4929962552349493e-27;1.7014152003806784e-29;97.577732396755039;0.00010191791878957123;0.0019238132607155753;0.0001065434721190443;0.034737533783109592;2.8064644042729966e-07;9.1502229198617787e-05;0.76795721251301685;0.77020094056010324;0.57450475390593869;0.5779108729892678;
947;52;1;948;53;1000;0.001;0.0044612637195084077;0.0010548523206751054;0.018867924528301886;0.94699999999999995;0.051999999999999998;895.44630576889119;0.83563548916436614;52.189152274322851;947.63545804321427;53.024787763487232;948.4710935323767;0.055031546654524269;0.23282798223389151;0.055080093711922531;0.98424287227480456;0.94408733531884215;0.00088111802663462567;2776.0631301657572;2617.7942248611666;2620.6455581764853;118.44858333742459;0.3376313962800746;2773.5988874748955;0.0029201367722260503;0.052154617818663471;0.0029194583540189324;0.93194941604871351;9.2443653174702391e-06;0.0026131423970823563;895.83518616652304;0.83518616652234923;52.164813833477616;948;53;948.83518616652304;0.054977741721319376;0.23272099139020422;0.055026174929828739;0.98424177044297567;0.94414203765111837;0.00088022062756168906;2617.8399442855002;2617.8399442855007;2617.8399442855002;8.1425591548188662e-27;2.7818390961713763e-29;2617.8399442855002;0.0029135987891896276;0.052102538497840578;0.0029129056333180902;0.93194729237646778;8.1679549210363875e-06;0.0026132338053952795;945.78043850937991;51.16976822965453;1.855019533832573;947.63545804321427;53.024787763487225;998.80522627286848;0.0018637404023084281;0.0082782180452932418;0.0019579443101995137;0.035002882491320289;0.94690567994150732;0.051230579656184334;126.07770843616649;7.153456020678604;6.7777669125219058;118.44858333742447;0.33763139628007477;126.84048816877903;6.8765525428007768e-06;0.00013507368495383425;7.5506350563420161e-06;0.0024172885762006424;6.417220277158934e-07;6.7423007936390479e-06;942.79232523013172;47.792325230131738;5.2076747698682455;948;53;995.79232523013184;0.0052841423568801196;0.023232810513812496;0.0054933278163167096;0.09825801452581602;0.9467731672877997;0.047942690355322767;70.794302673958711;70.794302673958725;70.79430267395874;3.7481621506309064e-27;1.0501316370302109e-29;70.794302673958711;7.3761727537027477e-05;0.0014090100842679364;7.8773770533967225e-05;0.025202670941245335;2.0678292002851061e-07;6.6157578270318007e-05;0.76586921157364896;0.76815350467275945;0.58503071910284443;0.58853008382793282;
954;36;10;964;46;1000;0.01;0.047487856533338882;0.010373443983402489;0.21739130434782608;0.95399999999999996;0.035999999999999997;918.15208447678242;0.50743109948284926;45.530359085866323;963.68244356264711;46.037790185349365;964.18987466213071;0.047227325066229009;0.21616840813872434;0.047252201065301133;0.98897908533215351;0.95224635317082973;0.00052632176294185537;1403.593815756725;1259.7234864667407;1262.6142893120229;118.52764113179208;0.2177795639146029;1400.8323557975293;0.0013863764144680737;0.02845577449224191;0.0013605465060281749;0.59534815793756191;3.5912520254784785e-06;0.0012583829781622658;918.5070001145906;0.50700011458875671;45.492999885411265;964;46;964.50700011459071;0.047167102909238749;0.21603650518296091;0.047191908594824958;0.98897825837850672;0.9523072408575981;0.000525656233162202;1259.7540039795961;1259.7540039795952;1259.7540039795947;8.6207729464510858e-27;2.7919365157582052e-29;1259.7540039795961;0.001381394673978998;0.028408668680759343;0.001355600372733327;0.59534688278808578;2.8654358691690967e-06;0.0012584300999411674;953.69154400076354;36.046890623466354;9.9908995618828751;963.68244356264711;46.037790185349365;999.72933418611478;0.010003773436983878;0.047437779180377421;0.010368697425913466;0.21704477258837659;0.9539441632354142;0.03605206332760176;127.31277028686455;9.1506314234256081;8.9033496455472196;118.52764113179198;0.21777956391460268;127.68939495082789;9.1160717114098786e-06;0.00020100683801230101;9.602327113787965e-06;0.0042141322272470309;4.6326678679453748e-07;8.6783787397629072e-06;952.71520200714599;34.71520200714555;11.284797992854395;964;46;998.71520200714599;0.011395916898914374;0.053589086809237976;0.011706221984288796;0.24532169549683452;0.95393642358678299;0.034667659514303555;96.264884164380135;96.264884164380049;96.264884164380049;5.441297466950385e-27;1.2470313189733754e-29;96.264884164380135;0.00010033888120047788;0.0021708660509737522;0.00010358904392613373;0.045493801589971648;2.0813358751122275e-07;9.1407235510321193e-05;0.76792814023031142;0.77017242998342583;0.5744606717308629;0.57786751472555442;
955;44;1;956;45;1000;0.001;0.0048213071178364311;0.0010460251046025104;0.022222222222222223;0.95499999999999996;0.043999999999999997;911.19069376664891;0.60668426051548563;44.412850957671822;955.60354472432084;45.019535218187407;956.21022898483727;0.046452665297963019;0.21413329256748367;0.046482167456781236;0.98652543444924867;0.95291280800262979;0.00063452669940682125;2037.7503323734259;1882.9811129240966;1884.8993012242686;118.6151143539192;0.23487600338479137;2036.0423444855801;0.0020664605260482865;0.043814259376559299;0.002064960156358462;0.92988124920807247;4.8893425350290403e-06;0.0018805656786947988;911.60639059775917;0.60639059776143323;44.393609402238518;956;45;956.60639059775929;0.04640739502879164;0.214035224997463;0.046436829918659515;0.98652465338307738;0.95295870851518893;0.00063389645601923084;1883.006482676733;1883.0064826767314;1883.0064826767311;6.6562189916376447e-27;2.7111571590635735e-29;1883.006482676733;0.0020618328942751422;0.043770490066869665;0.0020603264152815183;0.92987974453171685;4.1668736966400047e-06;0.0018806201870679262;953.73180081831742;43.147791312182967;1.871743906004347;955.60354472432061;45.019535218187407;998.75133603650443;0.0018798454129977844;0.0090248889476633783;0.0019588497207643457;0.041582482337362434;0.95491890412598845;0.043201250461013051;125.40784024453481;6.5518278358817827;6.3460749411511079;118.61511435391897;0.23487600338479139;125.82379355158713;6.4392062453106932e-06;0.0001475848613498538;6.9572489124571314e-06;0.0031318108147135762;4.6509085146300727e-07;6.2445257722715494e-06;950.72241373003726;39.722413730037708;5.2775862699623133;956;45;995.72241373003726;0.0053551122576323863;0.025444864248365145;0.0055204877300861063;0.11727969488805154;0.95480421573267937;0.039840672009694038;71.763014969987864;71.763014969987879;71.763014969987893;3.5284423004215089e-27;8.8352421384753317e-30;71.763014969987864;7.4770512935642383e-05;0.0016681314497905221;7.8520831841602884e-05;0.035438525911105204;1.5110792174324972e-07;6.8198997316717722e-05;0.76587732539778908;0.76816145637388322;0.58504303957108583;0.58854219614219838;
959;31;10;969;41;1000;0.01;0.050170240524711786;0.010319917440660475;0.24390243902439024;0.95899999999999996;0.031;928.11248220562345;0.39174649022225411;40.600734395898698;968.71321660152296;40.992480886120937;969.10496309174471;0.041900595114074395;0.20375031733554858;0.041917546738534164;0.99044462381234932;0.95769512895838982;0.00040427592753721717;1073.9944079037136;936.86589257613457;936.62300484608545;119.48210160183139;0.22552680580666615;1073.922063161421;0.0010181188281461505;0.023589636116489468;0.00099888185707159346;0.5573256236302625;2.184985436948064e-06;0.00093609909867602419;928.39177700406594;0.39177700406616423;40.608222995933829;969;41;969.39177700406594;0.041890414861454409;0.20373243149871328;0.041907350872996851;0.99044446331546221;0.95770543860463564;0.00040414653391162322;936.86397188051274;936.86397188051137;936.86397188051103;8.2976555196725591e-27;2.5243548967072378e-29;936.86397188051274;0.001016999318897323;0.023581363031551537;0.00099776665045780565;0.55732538481886418;1.6758904568829637e-06;0.00093610694781997141;958.78218191537712;31.061446199975958;9.9310346861450576;968.71321660152319;40.992480886120937;999.77466280149713;0.0099429657841794972;0.049841409546297316;0.010253253096230592;0.24229759503004006;0.95899309247410036;0.031063941741720051;127.91772824999831;8.4767815342915007;8.2562600481506774;119.48210160183145;0.22552680580666618;127.82301726379411;8.4541743770980178e-06;0.00020825570889987166;8.8199874359235781e-06;0.004927031203764887;4.3655131179984868e-07;8.0934180650474026e-06;957.80903319185563;29.809033191855555;11.190966808144447;969;41;998.80903319185563;0.011300911720082284;0.056145349646867265;0.011548985354122222;0.27295040995474273;0.95894719071235135;0.029751897567564512;96.027060398433463;96.027060398433491;96.027060398433491;5.9324359556537456e-27;1.0046932488894807e-29;96.027060398433463;0.00010010553495892161;0.0024170520375150018;0.00010226948765543317;0.057124961569561823;1.6496167460635169e-07;9.2143116567556106e-05;0.76789802244224858;0.77014289620914267;0.57441505484119004;0.57782264920562998;
962;37;1;963;38;1000;0.001;0.0052275122370650465;0.0010384215991692627;0.026315789473684209;0.96199999999999997;0.036999999999999998;925.35765097220133;0.43582838324230017;37.593185696661386;962.95083666886342;38.029014079903632;963.38666505210563;0.03902705672687596;0.19645613463100173;0.039044726619741309;0.98854075378734485;0.96052050652186061;0.00045243675126391139;1465.7810252964025;1336.9393904011465;1339.2073390468036;123.03855586971062;0.15298668403507684;1463.5997980719803;0.001446414568312243;0.036570663532223199;0.0014448374230683751;0.92587735758056156;2.5564215481360619e-06;0.0013357251956264485;925.43547214850628;0.4354721485067497;37.564527851493246;963;38;963.43547214850594;0.038990186348349082;0.19636902902325165;0.039007817083585895;0.98854020661824127;0.96055781510365856;0.00045199854799182006;1336.9653852063491;1336.9653852063482;1336.9653852063482;6.9793364184161715e-27;2.0598735957131059e-29;1336.9653852063498;0.0014432550591864839;0.036535098245787594;0.0014416757355554823;0.92587630554456002;2.0798984287093329e-06;0.0013357571509237114;961.18590092053785;36.2640783315764;1.7649357483272359;962.9508366688633;38.029014079903639;999.21491500044078;0.0017714376349929795;0.0092253642897287304;0.0018329808087581387;0.046434024581419632;0.9619364381774409;0.036292124187567644;128.41127678206345;5.6787250245385827;5.5172735465024267;123.0385558697109;0.15298668403507706;128.65944968133542;5.5855847881469346e-06;0.00015087241704839235;5.9540738734415836e-06;0.0038243785563037325;3.26441492637692e-07;5.4776318941445239e-06;957.92193879260822;32.921938792607051;5.0780612073929525;963;38;995.9219387926081;0.0051524386081025705;0.026545627102211967;0.0052731684396603862;0.13363318966823573;0.96184236496791997;0.033005196423973475;68.897399774015668;68.897399774015753;68.897399774015739;3.4896682092080857e-27;5.8565033603607919e-30;68.897399774015668;7.1734286441206178e-05;0.0018827512645246604;7.4293403999934406e-05;0.047712880729927597;1.0337745134095613e-07;6.6391304482425013e-05;0.76576865670975125;0.76805491177384622;0.58487689764439166;0.58837881308883588;
964;26;10;974;36;1000;0.01;0.053403444676000125;0.010266940451745379;0.27777777777777779;0.96399999999999997;0.025999999999999999;938.30301547625129;0.29111844538081633;35.714697510002111;974.01771298625033;36.005815955382964;974.30883143163396;0.036661183461659738;0.19071798140435051;0.03667214652251953;0.99191566700021938;0.96303997514535733;0.00029884139298294815;785.08168010691338;660.94704558604474;661.40472947327225;124.75389756535795;0.16374270511739911;784.77510462924602;0.00071115779493930624;0.01885757800569084;0.00069757448129055609;0.50999325361214487;1.2690062501884287e-06;0.0006605500483425603;938.29104142665233;0.2910414266517426;35.708958573348191;974;36;974.29104142665221;0.036651223822783387;0.19069813936093788;0.036662175126640939;0.99191551592633964;0.96305005538849264;0.00029872078872173613;660.95097809292508;660.95097809292429;660.95097809292429;7.6772700602577878e-27;2.2012374699287113e-29;660.95097809292508;0.00071028821486132296;0.018849845371119195;0.00069670886381960199;0.50999303865194812;9.0239537933555824e-07;0.00066055620284460306;964.10029602365569;26.088398992787255;9.9174169625957003;974.01771298625022;36.005815955382964;1000.1061119790382;0.0099231612294362111;0.052958319275126155;0.010181810191416995;0.27546857524490326;0.96399357480692183;0.026083263963641138;128.79540998523774;7.0878728794490069;6.9428081712013672;124.75389756535814;0.16374270511739913;129.09158310304394;7.0785086463939028e-06;0.00019781391837054321;7.308661190975721e-06;0.0053658257107110953;3.1630529439659732e-07;6.8899286027814447e-06;963.07223424956771;25.072234249568361;10.927765750431647;974;36;999.07223424956749;0.011031218759236027;0.058358033368546579;0.011219472023030422;0.30354904862310111;0.96396324368779118;0.025005537552974213;92.335567112710109;92.33556711271018;92.335567112710166;5.8807371673691813e-27;8.7847550405411869e-30;92.335567112710109;9.6069447114164626e-05;0.002633343803123139;9.7330982456296972e-05;0.071246579562276327;1.2205274331923413e-07;8.9342984815681193e-05;0.76780556753633322;0.77005222781751059;0.5742748704702979;0.57768476725117834;
968;22;10;978;32;1000;0.01;0.056526953955766818;0.010224948875255624;0.3125;0.96799999999999997;0.021999999999999999;946.17249100698973;0.22049405487422744;31.778191981268119;977.9506829882597;31.998686036142352;978.17117704313239;0.032491514863606873;0.17964657020434552;0.032498843791956236;0.99311015483703857;0.96728304422435485;0.00022544091203925392;601.05140570070375;474.3471909379885;474.41455459910873;124.64385734662395;0.12808150703693533;601.14429795312503;0.0005061322279244127;0.015160464639132188;0.00049639065086802797;0.46323047164177594;7.8304020252313972e-07;0.00047413175482071567;946.2204772816965;0.22047728169773939;31.779522718302324;978;32;978.22047728169662;0.032487076041532142;0.17963996174337143;0.032494399507466583;0.99311008494694764;0.96728753818482227;0.00022538577364515492;474.34790593954892;474.34790593954915;474.34790593954909;7.4963243012618128e-27;1.344218982496604e-29;474.34790593954892;0.00050566891877090834;0.015156822147863942;0.00049592874103440417;0.46323037689409097;5.0760216922004746e-07;0.00047413413400811084;968.02606088452399;22.074063932407611;9.9246221037347393;977.95068298825947;31.998686036142352;1000.0247469206657;0.0099311222388279389;0.056107658220406476;0.010149395394886251;0.31019263011297965;0.96799813797006806;0.022070739791104514;129.77753264232592;5.8722999036322134;5.7549897609063523;124.64385734662393;0.1280815070369353;130.05509869859407;5.8904015134318617e-06;0.00018419182364887542;6.0287422420964518e-06;0.0056408162523356349;2.4945427584114813e-07;5.7054924206367764e-06;967.06931720053797;21.069317200538922;10.930682799461058;978;32;999.06931720053797;0.011029605744967632;0.061787820331022938;0.011176567279612555;0.34158383748315807;0.96796737882788431;0.021003015427150183;87.976553788889206;87.976553788888907;87.976553788888921;5.6222432259463599e-27;6.9545977404284406e-30;87.976553788889206;9.1301243549925099e-05;0.0028111117647267748;9.1979117046274618e-05;0.085914603309461837;9.1650302318515014e-08;8.5607468518386897e-05;0.76779980865729713;0.77004658333784715;0.57426621347471529;0.57767625549530199;
968;31;1;969;32;1000;0.001;0.0056788856303031827;0.0010319917440660474;0.03125;0.96799999999999997;0.031;937.2212109128476;0.31012220387145811;31.681509846601227;968.90272075944995;31.991632050472685;969.21284296332112;0.032692239870559928;0.17995416311682022;0.032702708803359772;0.99030720346618561;0.96698774394718512;0.00032001618225543634;1070.3001622862569;941.86902277193099;941.49012763033033;122.68337179044951;0.13950635853723817;1070.5202146292938;0.0010046879999068166;0.03037407703570217;0.0010033246616663848;0.91979110213577808;1.3220999742777297e-06;0.00094126187180168768;937.31016972822852;0.31016972822919781;31.689830271770848;969;32;969.31016972822829;0.032693178798482214;0.17996292175710621;0.032703643211321819;0.99030719599283901;0.96698683144700293;0.00031998975451624008;941.86607477169957;941.8660747716998;941.8660747716998;8.4527518845262519e-27;1.2823722875272768e-29;941.8660747716998;0.0010044580280530215;0.030374937911884;0.0010030939248506568;0.91979108864423809;1.026510972270709e-06;0.00094126344632260031;967.23642259621226;30.325333887235622;1.6662981632370251;968.90272075945006;31.991632050472685;999.22805464668431;0.0016721256021418568;0.0094650796847333633;0.0017200590756481454;0.052087946380751406;0.96797962254370562;0.030348251854151291;127.57000109281593;4.8369135143281907;4.6961136093464386;122.68337179044941;0.13950635853723808;127.55195819923263;4.7602882442539076e-06;0.00015163780379282601;5.0151697341412287e-06;0.0045867014409205183;2.6845889920459524e-07;4.6974986344983191e-06;963.96947120514733;26.969471205146824;5.0305287948531712;969;32;995.96947120514733;0.0051045362320919479;0.028567797685918078;0.0051914641845750001;0.15720402483916171;0.96786878605451498;0.027026677713389374;68.590196531059647;68.590196531059533;68.590196531059533;3.6447645740617778e-27;5.1875493127333733e-30;68.590196531059647;7.1395666507947605e-05;0.0022120161419975385;7.3049036681033033e-05;0.066982613799862839;7.2963163214536649e-08;6.6903871772552157e-05;0.76574770577771956;0.76803436766270927;0.58484480138366579;0.58834724716203513;
972;18;10;982;28;1000;0.01;0.060306655013599442;0.010183299389002037;0.35714285714285715;0.97199999999999998;0.017999999999999999;954.14226509996467;0.1588620633873451;27.840634076721329;981.98289917668512;27.999496140108629;982.1417612400727;0.028350443874933101;0.16790594707067394;0.0283550323706219;0.99432699526466384;0.97148778586337325;0.00016177026169257336;443.96893987402808;318.30640629437352;318.38430356054624;125.17453026710167;0.098093040840761619;444.09331514303506;0.00033693790596874782;0.011579361375991861;0.00033041114204700536;0.40600387474330835;4.6466967169849367e-07;0.00031820265419927419;954.1588455437219;0.15884554372319093;27.84115445627685;982;28;982.1588455437219;0.028346896010854907;0.16790068969750213;0.028351481116371445;0.99432694486703266;0.97149137317989787;0.00016173080924800206;318.30698763873312;318.30698763873266;318.30698763873266;7.5609477866175181e-27;7.0050848383625854e-30;318.30698763873312;0.00033660880734404363;0.011576483402630689;0.00033008302981024287;0.40600381076369019;2.58701406683368e-07;0.00031820405012571011;972.09071748940789;18.107314452830455;9.8921816872781747;981.98289917668501;27.999496140108629;1000.0902136295155;0.009896737031225341;0.059659864198564116;0.010074322997029716;0.35332621153304433;0.97199959547767323;0.018103667491101566;128.70620995566375;4.8987109287325961;4.8296212929666495;125.1745302671017;0.098093040840761592;128.97757212660878;4.9364026785235033e-06;0.00017563059372396168;5.0134717442165316e-06;0.0061695936565775234;1.8992684643081059e-07;4.7981044742199869e-06;971.31600613809201;17.316006138092334;10.683993861907673;982;28;999.31600613809167;0.010771777672866889;0.064431593199748199;0.010879830816606581;0.38157120935384575;0.97197860418332638;0.017249618143806614;79.63793545623038;79.637935456230124;79.637935456230139;5.5059209523060903e-27;4.6321912354577812e-30;79.63793545623038;8.2282611621236373e-05;0.0028963462124028854;8.2584209722282083e-05;0.10157899930641594;6.3238474180027521e-08;7.7783645886713739e-05;0.76776706683916296;0.77001447141840562;0.57421650224345078;0.5776273579596819;
973;26;1;974;27;1000;0.001;0.0061664986318683912;0.001026694045174538;0.037037037037037035;0.97299999999999998;0.025999999999999999;947.14245885072626;0.22135297418628758;26.78348438328636;973.92594323401192;27.004837357472631;974.14729620819867;0.027497843946763328;0.16515748644689157;0.027504096465786724;0.99180404624532004;0.97227489634876063;0.00022725970447602748;792.29192313025067;664.53890213154284;664.86980765473163;123.66465514946128;0.08404797008245532;792.01593699618195;0.00070231925054641193;0.02527979625214154;0.00070123654273185386;0.91158037803619452;7.1344928553665104e-07;0.00066423442351438153;947.22129452263152;0.22129452263187674;26.778705477368085;974;27;974.22129452263141;0.027487292555376779;0.1651308506893967;0.027493537451096631;0.9918039065691906;0.97228555754346424;0.00022714990116188806;664.54190152115632;664.54190152115609;664.54190152115621;8.0650109723920198e-27;8.6837808446728973e-30;664.54190152115632;0.0007015769399223783;0.025269674557804978;0.00070049405858391698;0.91158011182599941;5.1042822233049363e-07;0.00066424006069634885;972.36080685929687;25.439700982757987;1.5651363747146327;973.92594323401192;27.004837357472631;999.36564421676735;0.0015693533769954675;0.0096493809686921516;0.0016066147704430951;0.057958470081888779;0.97297470513272621;0.025455941490278796;126.43384458567341;4.0005784787631686;3.9313088686695346;123.66465514946125;0.08404797008245532;126.55803358488679;3.9754869930582403e-06;0.00014946626960820927;4.149940412833291e-06;0.005385151215785121;1.7211123124343149e-07;3.9329471061789819e-06;969.07679118407793;22.076791184077781;4.9232088159221874;974;27;996.07679118407771;0.0049930474656717794;0.030358960427786578;0.0050546291744581048;0.18234106725637755;0.9728922954230077;0.022114657111324449;64.679132834275407;64.679132834275435;64.679132834275407;3.360421238496675e-27;3.2311742677852644e-30;64.679132834275407;6.7178375157463376e-05;0.0024594696491853354;6.8178316763863549e-05;0.088723090307647773;4.8875236142265842e-08;6.3603242143352076e-05;0.76571339611224942;0.76800072174616996;0.58479218064642857;0.58829549326880637;
975;15;10;985;25;1000;0.01;0.063725298787716614;0.01015228426395939;0.40000000000000002;0.97499999999999998;0.014999999999999999;960.10171060516711;0.11815786216115681;24.876965115510615;984.97867572067776;24.995122977671748;985.09683358283837;0.025256624459164559;0.15855137319152107;0.02525965580788089;0.99527354645645005;0.97462341440651779;0.00011996113431667617;348.18834087386483;221.4693598586081;221.40994149001224;126.11258592319507;0.087499285379254541;348.21595967590918;0.00023293744552756475;0.0089936989449170245;0.00022840562922899494;0.35435080046038703;3.1714885583903127e-07;0.00022141569699779174;960.11816179362359;0.11816179362393812;24.881838206376038;985;25;985.11816179362359;0.02525771963719551;0.15856025740889371;0.025260749448097492;0.99527352825504178;0.97462233367234685;0.00011994669045786385;221.46923688153231;221.4692368815318;221.46923688153166;6.8759388418470429e-27;7.5604429156381769e-30;221.46923688153234;0.00023279814769321344;0.0089936745941739029;0.00022826585264400763;0.3543507790104512;1.4263194030805598e-07;0.00022141611885662934;974.92567085714541;14.942118114139495;10.053004863532282;984.97867572067764;24.995122977671748;999.920793834817;0.01005932072086636;0.064080430679736622;0.01020788675735527;0.40229667749961245;0.97499971842137068;0.014940960857761655;130.4636956350129;4.0771197770620109;3.9435815139643493;126.11258592319524;0.087499285379254443;130.56543433155898;4.052937795783778e-06;0.00016101971399580173;4.0870841244715524e-06;0.0063710352939957164;1.653753376219194e-07;3.9885038560856795e-06;974.46236265754885;14.462362657548745;10.537637342451264;985;25;999.46236265754885;0.010616478657003164;0.067151408816430669;0.01069810897710791;0.42150549369805107;0.97498474062730578;0.014398780715694875;72.428368427079789;72.428368427079803;72.428368427079789;5.2345023138121286e-27;4.8215178527108242e-30;72.428368427079789;7.452531204910713e-05;0.002941253540185965;7.4651105080862279e-05;0.11588538948332702;4.5660543114092642e-08;7.088160070860203e-05;0.76779404552409092;0.77004093051637934;0.5742574499527352;0.57766763488185369;
977;13;10;987;23;1000;0.01;0.066370869262677323;0.010131712259371834;0.43478260869565216;0.97699999999999998;0.012999999999999999;964.16118571481866;0.094568649152944273;22.899866526749708;987.06105224156784;22.99443517590263;987.15562089071977;0.02320089752465811;0.15200699553158864;0.023203121451232791;0.99588798593448769;0.97670329177333337;9.5810702007101002e-05;295.21394231667921;166.55025692109209;166.4792898703958;130.38189832079522;0.073935562334714988;295.35832937986578;0.00017440909064526637;0.0073351191427984052;0.00017100719786993779;0.31483942359734146;2.3516671530283498e-07;0.0001665182036443668;964.09457626341793;0.0945762634164692;22.905423736583547;987;23;987.09457626341782;0.023204892809409444;0.15202528842270097;0.023207116247804974;0.99588798854710847;0.97669929452017734;9.5812670408706017e-05;166.55005670765729;166.55005670765743;166.55005670765755;8.0133121841074555e-27;6.0584517520973704e-30;166.55005670765729;0.00017436929606527189;0.0073366837014958363;0.00017096628686363158;0.31483942666853854;9.0423838465360971e-08;0.00016651814800373524;977.00098833860875;12.93437127294316;10.060063902959525;987.06105224156784;22.994435175902638;999.995423514511;0.010065567532430595;0.066785689484009106;0.010193844743132235;0.43758252639925371;0.97700246840171678;0.012931964065852865;134.9308244442384;3.6488799031075483;3.5564487381013277;130.38189832079499;0.073935562334714919;135.09667562173533;3.663177903308635e-06;0.00015748102964464772;3.679295989450072e-06;0.0067720172043020397;1.4056004928708774e-07;3.5715590054885797e-06;976.66676978966973;12.66676978966972;10.333230210330278;987;23;999.66676978966984;0.010404233102222276;0.068582547135097954;0.010469331520091451;0.44927087871001203;0.97699079469172556;0.012604972206046151;66.812219588094266;66.812219588094138;66.812219588094138;4.4460957924725234e-27;2.8272774843121064e-30;66.812219588094266;6.854731628112368e-05;0.0029431399316371173;6.8583807930753336e-05;0.12629909184894927;3.5547034911004765e-08;6.5460906336894343e-05;0.76776891128863645;0.77001629107832359;0.57421955930408364;0.57763037557582386;
977;22;1;978;23;1000;0.001;0.0066675557333728489;0.0010224948875255625;0.043478260869565216;0.97699999999999998;0.021999999999999999;955.16653480492732;0.16070053368135132;22.841777976904435;978.00831278183284;23.00247851058575;978.16901331551435;0.023354670382950648;0.1522952087239916;0.023358509689670483;0.99301472342121622;0.97648102123656311;0.00016430838048605385;605.51069861238693;476.95516733252072;477.12843260551938;128.83303344993237;0.066890940389990827;605.42628942781994;0.00049987127380403623;0.02120891188583943;0.0004990376479572545;0.901619790119642;4.1210883964969118e-07;0.00047679760553469362;955.16066302779745;0.1606630277959808;22.839336972203977;978;23;978.16066302779745;0.023349269705601427;0.15228255217545286;0.023353105288552178;0.99301465096539188;0.97648648031645346;0.0001642499779439115;476.95679637354863;476.95679637354908;476.9567963735492;7.7935923338980574e-27;6.1972912714162686e-30;476.95679637354868;0.0004994900282045111;0.021203734167935841;0.00049865632501280431;0.90161965288005186;2.6370255610539601e-07;0.0004768001430509193;976.54010689317079;21.534272621925265;1.4682058886604665;978.00831278183284;23.00247851058575;999.54258540375645;0.0014722742497091735;0.0097889941173390609;0.0015013015314524981;0.06383171796674672;0.97698405576714509;0.021543669983145303;132.12129621916296;3.5838063754123417;3.525016000996112;128.83303344993243;0.066890940389990813;132.26894268201269;3.5616510862138648e-06;0.00015670643079952528;3.6889757951142611e-06;0.0066591911425384759;1.3289340668907805e-07;3.5179432421008505e-06;973.0720525832445;18.072052583245593;4.9279474167544022;978;23;996.07205258324461;0.0049944230284220776;0.032857364052340778;0.0050388010396261807;0.21425858333714801;0.97690822005030065;0.018097356921282066;61.455602309582119;61.455602309582211;61.455602309582225;3.9032585154845992e-27;2.5874637691249186e-30;61.455602309582119;6.3661092757342808e-05;0.0027320886596240196;6.4251573794838146e-05;0.11617316126575152;3.3609465528110609e-08;6.0769217440814446e-05;0.76567700826214469;0.76796505457197117;0.58473677394365742;0.58824101593981615;
979;11;10;989;21;1000;0.01;0.069389252145787172;0.010111223458038422;0.47619047619047616;0.97899999999999998;0.010999999999999999;968.13722268163417;0.073158734145004484;20.924579540434888;989.0618022220699;20.997738274579905;989.13496095621372;0.02115723469499697;0.14520198181098765;0.021158800491843013;0.9965164888344179;0.97876879286899898;7.3972436003562738e-05;249.00288390571686;119.39592887043661;119.40904805934603;130.99155340734208;0.063497482580451209;249.0362110913122;0.00012460716670324853;0.0057490379114506244;0.00012217228261772624;0.27073930996589063;1.7806301915891033e-07;0.00011937814937722026;968.07315400964228;0.073154009641721765;20.926845990358284;989;21;989.07315400964228;0.021158036667064735;0.14520981930410271;0.021159601608046807;0.99651647573134605;0.97876800121781149;7.3962115121766592e-05;119.39602972870497;119.39602972870443;119.39602972870445;9.2928571941504199e-27;7.9390961501442629e-30;119.39602972870497;0.00012450185307595662;0.0057487616028072874;0.00012206672766324915;0.27073929643697175;5.3823465548953997e-08;0.0001193783717601289;979.04019665245426;10.976132704965462;10.021605569614438;989.0618022220699;20.997738274579905;1000.0379349270333;0.010025368815221499;0.069550248165442627;0.010133849206899951;0.47736996355611677;0.97900033921458773;0.010974291970191993;133.76974256191286;2.8172522661386332;2.7326452866879767;130.99155340734214;0.063497482580451098;133.90079591586849;2.8081629834597379e-06;0.00013224242864472152;2.8104028082510511e-06;0.0062610951252359383;1.1905439805246398e-07;2.7751582982344251e-06;978.99243115882507;10.992431158825264;10.007568841174743;989;21;999.99243115882496;0.010067865232723981;0.069441771768660024;0.010118876482482076;0.4765508971987969;0.97899858894070668;0.010933545826570258;59.564863304969876;59.564863304970139;59.564863304970146;7.263679753981275e-27;2.4486242498060207e-30;59.564863304969876;6.0889419880238298e-05;0.0028679697291622056;6.0897233885143467e-05;0.13506771724483033;2.6323139071839834e-08;5.838370773716118e-05;0.76774978920082182;0.76999753601832754;0.57419050623786849;0.57760179720170246;
981;9;10;991;19;1000;0.01;0.072876309616131341;0.010090817356205853;0.52631578947368418;0.98099999999999998;0.0089999999999999993;972.14999373756211;0.05439078295734253;18.944610916561654;991.09460465412269;18.999001699519031;991.14899543707895;0.019116287988341831;0.13806277901005637;0.019117337631243996;0.99713768417712911;0.98082882817931072;5.4883832348323908e-05;209.01913700455839;80.023969246222762;80.054901371043783;130.74590860702992;0.049417653357478358;209.07694638756939;8.3203660125606355e-05;0.0042505550332442524;8.1575047237237482e-05;0.22167337747995169;1.2711791909832272e-07;8.0015149450937722e-05;972.05438421246356;0.054384212461974696;18.945615787538024;991;19;991.05438421246379;0.019116625822221359;0.1380686562000886;0.019117674861289645;0.99713767302831613;0.98082849911819348;5.4875059582826024e-05;80.024085504632097;80.024085504632069;80.024085504632041;8.7370952200913554e-27;7.1439243576814822e-30;80.024085504632126;8.3112912578232545e-05;0.0042500443732875854;8.1484200900569382e-05;0.22167336704884225;2.9412568807701639e-08;8.0015304673799548e-05;981.07824324525882;8.9826402906563523;10.016361408862643;991.09460465412258;18.999001699519031;1000.0772449447786;0.01001944564587998;0.0730027558348708;0.010107953007175397;0.52728586663713606;0.98100001945302162;0.0089805349010973826;133.42535936126058;2.3264333616075907;2.2744804786840969;130.74590860702992;0.049417653357478303;133.56605375201644;2.3445037408069397e-06;0.00012131717418160498;2.3366375435726063e-06;0.0063427912428625317;9.4527946253548659e-08;2.2951137974974394e-06;981.39735004974068;9.3973500497414406;9.6026499502585558;991;19;1000.3973500497407;0.0096512884658470528;0.069980569091037101;0.0096898586783637948;0.50540262896097699;0.98100655991995445;0.0093421516142034779;52.146266804791857;52.146266804791601;52.146266804791601;6.9534870242738893e-27;4.7079218823589984e-30;52.146266804791857;5.3086026301271815e-05;0.0027694655480796464;5.3097724937954572e-05;0.14444949253404821;1.8786447892125051e-08;5.1107516710105601e-05;0.76773276416209357;0.76998083920717852;0.57416467412309946;0.57757638863907756;
981;18;1;982;19;1000;0.001;0.0073209502507321361;0.0010183299389002036;0.052631578947368418;0.98099999999999998;0.017999999999999999;963.14815142874363;0.10933927919816394;18.893679499324286;982.04183092806693;19.003018778522428;982.15117020726655;0.019239528580834778;0.13831054667616247;0.019241671660708629;0.99424697115612248;0.98064913044132995;0.00011134097783468454;447.75641644331409;320.0758355113839;320.22455933203753;129.20529486012396;0.04170293389248067;447.78465922297823;0.00033276925316427395;0.017159430779321409;0.00033217907928710584;0.88663979731868492;2.1344205100632155e-07;0.00032000422120496779;963.10930852521813;0.10930852521867818;18.890691474781377;982;19;982.10930852521824;0.019234815722358654;0.13829781248880374;0.019236956695296625;0.99424691972533474;0.98065388461665859;0.00011129966098281696;320.07693193878845;320.0769319387889;320.07693193878896;6.7854659623490554e-27;5.6040678706900679e-30;320.07693193878839;0.00033250860189344326;0.017154943291820608;0.00033191845472972604;0.88663970066146447;1.1979589370023081e-07;0.00032000569361935981;980.68520696566907;17.646394816123735;1.3566239623986833;982.04183092806716;19.003018778522428;999.68822574419141;0.0013594841940003297;0.0099293958559421667;0.0013810889482239407;0.071392071150460576;0.98098868281269969;0.017651832993300382;131.03573220157551;2.9201894026945632;2.8849424504240901;129.20529486012407;0.041702933892480677;131.2479457541636;2.912490839404778e-06;0.0001546361956309151;2.9954627213362718e-06;0.0079853503114833014;8.4962775037998397e-08;2.892228449760255e-06;977.33214209958908;14.33214209958879;4.6678579004112049;982;19;996.33214209958919;0.0047252109769632495;0.03417315546639741;0.004753419450520581;0.24567673160058975;0.98092929169974619;0.014345497323298846;52.857331708713907;52.857331708714298;52.857331708714298;4.1229783656939974e-27;1.2116903504194742e-30;52.857331708713907;5.4527086148998337e-05;0.0028329580720717405;5.4812834388353464e-05;0.14641920140917963;1.9644968517782603e-08;5.2476771803168797e-05;0.76564191548000737;0.76793064323904781;0.58468301334606254;0.58818814353880144;
982;8;10;992;18;1000;0.01;0.074835542511156206;0.010080645161290322;0.55555555555555558;0.98199999999999998;0.0080000000000000002;974.15233497697363;0.045865098648526635;17.955640365309975;992.10797534228323;18.001505463958519;992.15384044093321;0.018099987125622653;0.13436339101335573;0.018100824342317075;0.99745249738851149;0.98185377730355416;4.6235570823962107e-05;192.57652908334492;63.26829942073244;63.334744519448513;131.0815340996146;0.042920799212016893;192.6287078233926;6.5694703115544721e-05;0.00354475035847186;6.4408204409017691e-05;0.19527302017835402;1.0695925670458781e-07;6.3262407015390648e-05;974.04585535903277;0.045855359033014652;17.954144640966931;992;18;992.04585535903266;0.018098099580337652;0.13436081545305323;0.018098936130007081;0.99745248005371878;0.98185567743322233;4.6222986440656663e-05;63.26845358958488;63.268453589585086;63.2684535895851;8.8275680995893429e-27;6.0584517520973704e-30;63.26845358958488;6.5579255382213441e-05;0.0035432601696676288;6.4293027272194908e-05;0.19527300490612701;2.0829015531645737e-08;6.3262605988082066e-05;982.08223228958366;7.9757624112581089;10.025743052700392;992.10797534228323;18.001505463958516;1000.0837377535418;0.010028024434071338;0.075027914612887089;0.01010656298374042;0.55702220194469354;0.98199771346343057;0.0079742621024974404;132.52389648131069;2.1062915722544768;2.0614161459862763;131.08153409961471;0.042920799212017025;132.68739574634267;2.1157464448246427e-06;0.00011572071344816648;2.1045961674776536e-06;0.0064113387306097593;8.2675040930044138e-08;2.088441008588318e-06;982.6182005878386;8.6182005878389685;9.3817994121610262;992;18;1000.6182005878386;0.0094243318327977155;0.070209204873991571;0.0094574590848397599;0.5212110784533901;0.98201025943267983;0.0085654087345194869;48.335765085022793;48.335765085022786;48.335765085022778;4.1100536686228563e-27;4.6700565589083898e-30;48.335765085022793;4.9099413155360698e-05;0.0027069760912311284;4.9118517784435898e-05;0.14918446013895889;1.5594755281187069e-08;4.7364929817975289e-05;0.76772883343560372;0.76997698242595392;0.57415866597099319;0.57757047715406018;
984;6;10;994;16;1000;0.01;0.079295184961943904;0.010060362173038229;0.625;0.98399999999999999;0.0060000000000000001;978.0582390888793;0.030682618646492101;15.97053599847826;994.02877508735685;16.001218617124746;994.05945770600442;0.016068069093717528;0.12663636200827041;0.016068565208206161;0.99808251755333;0.98390106189053128;3.0869015752142373e-05;166.20100783332944;35.632771231095248;35.676513305788816;130.94722106378194;0.029322847137558998;166.23848560087947;3.6884170618738032e-05;0.0022421745969813333;3.6161218614748877e-05;0.13919064731386446;7.2705073784643414e-08;3.5630546244332769e-05;978.03067984557003;0.030679845572410682;15.969320154427558;994;16;994.03067984557026;0.016065218609220524;0.1266290195361835;0.016065714441074089;0.9980825096517224;0.98390391732896432;3.0864061816651673e-05;35.632804201948673;35.632804201948495;35.632804201948495;7.7548182426846342e-27;2.5748419946413824e-30;35.632804201948673;3.678689881933213e-05;0.0022404932219535004;3.6064277214543291e-05;0.13919064141386131;9.2318852051226892e-09;3.5630605197389954e-05;983.97512794637782;5.947571476144673;10.053647140980086;994.02877508735685;16.001218617124749;999.97634656350192;0.01005704939301077;0.079720404571160711;0.010115573183079747;0.62831143934629707;0.98399632374943369;0.0059466268575537259;132.98796917970566;1.6503905347197807;1.6549857859173593;130.94722106378183;0.029322847137559005;133.0645937707522;1.7076148662453339e-06;0.00010390680362606812;1.692327058176859e-06;0.0064266640310634855;6.1931058121112727e-08;1.6356759183024894e-06;985.04603755073447;7.0460375507353428;8.9539624492646546;994;16;1001.0460375507344;0.0089848852556161079;0.071000610855673829;0.0090080105123386805;0.55962265307904091;0.9840160810256452;0.006999033718730301;41.15477138124217;41.154771381241957;41.15477138124195;7.34122793640812e-27;1.0602290566170399e-30;41.15477138124217;4.1614913122910494e-05;0.0025876994077742711;4.1653109179465276e-05;0.1607608257079764;1.0443503342284582e-08;4.0306864329289595e-05;0.76773774015585361;0.769985718720826;0.57417221106799621;0.57758380138670684;
984;15;1;985;16;1000;0.001;0.0079656623484645767;0.0010152284263959391;0.0625;0.98399999999999999;0.014999999999999999;969.05278306369428;0.076634045864946723;15.915550307876286;984.96833337157136;15.992184353741221;985.04496741743731;0.016159349970448631;0.12681491643490947;0.016160607818013688;0.99520871371058883;0.98376284342904574;7.7806600505087571e-05;352.69802901212137;222.70690816714188;222.51077126442789;129.21838577685182;0.037825298921783025;352.87269440519759;0.0002298795044197323;0.014126293590314871;0.00022945615497533143;0.86994575729491275;1.3080446407597245e-07;0.00022267191494036666;969.07666027292692;0.076660272928338546;15.923339727071619;985;16;985.0766602729268;0.016164569140079615;0.12683994772574475;0.016165827134082936;0.99520873294197609;0.98375760928447475;7.7821575446093824e-05;222.70612307921675;222.70612307921692;222.70612307921687;6.514047323855093e-27;3.3889464488294669e-30;222.70612307921675;0.00022996421516659139;0.014131099180153317;0.00022954069734259204;0.86994579327819088;5.8753273781802941e-08;0.00022267146505842444;983.53311822869443;14.556969210864771;1.4352151428764341;984.96833337157125;15.992184353741221;999.52530258243598;0.001439456512504328;0.011441961351463028;0.0014581757610527487;0.089789794356776406;0.98399811322223563;0.014562430265260789;133.58236364368963;2.7597078600976377;2.7001712737250929;129.21838577685185;0.037825298921783018;133.62042872042502;2.7303120842302195e-06;0.00017172481556908975;2.791171888457954e-06;0.010570291232563242;7.1175138273874483e-08;2.6999896512879161e-06;980.47887133572942;11.478871335730267;4.5211286642697361;985;16;996.47887133572942;0.0045708539286890395;0.036013784373537361;0.0045899783393601352;0.28257054151685851;0.98394292341372125;0.011486222657583679;45.577368061251832;45.577368061251811;45.577368061251811;2.8434333556510326e-27;9.3401131178167793e-31;45.577368061251832;4.6840079240709831e-05;0.002891964978505844;4.6976080869130517e-05;0.17803659398926489;1.1967114090325447e-08;4.535466120424759e-05;0.76568957715830632;0.7679773777802239;0.58475599008835355;0.58825991303494096;
985;5;10;995;15;1000;0.01;0.081854550907005802;0.010050251256281407;0.66666666666666663;0.98499999999999999;0.0050000000000000001;980.04295172731031;0.024067670735098891;14.974363421065163;995.017315148374;14.998431091800253;995.04138281910809;0.015050998993957922;0.12258147942297874;0.015051363158472938;0.9983955449652776;0.98492481243875507;2.4188567287782893e-05;155.8810478541194;24.759918313771941;24.772481002960099;131.24847102090817;0.028361760436827869;155.8404578451042;2.5571620770543615e-05;0.0016596774541528852;2.5070155706124096e-05;0.11004411795877654;6.4885735775776652e-08;2.47587153205643e-05;980.02406682412948;0.02406682412640106;14.975933175873573;995;15;995.0240668241297;0.0150508250916692;0.12258482845244636;0.015051189121481016;0.99839554505823747;0.98492498774616277;2.4187162167519058e-05;24.759926554691496;24.759926554691429;24.759926554691429;9.6547487121423699e-27;2.5338212275698901e-30;24.759926554691507;2.5510850324308614e-05;0.0016589565530781495;2.5009395272535085e-05;0.11004411802085108;5.6268418027327729e-09;2.4758729136676484e-05;984.9820811444124;4.9631970878377087;10.035234003962572;995.01731514837377;14.998431091800253;999.98051223621235;0.010039094115020073;0.082155283270575391;0.010087744032207061;0.66912327030063834;0.9849992609507372;0.0049616449342422299;134.47776095997276;1.4214057933933317;1.4149978960691159;131.24847102090828;0.028361760436827844;134.45614153746999;1.4776457805572267e-06;9.5447706289643371e-05;1.4616901761337383e-06;0.0062934696556747119;5.8593099319519855e-08;1.4040879659459718e-06;986.37292160346033;6.3729216034598455;8.6270783965401598;995;15;1001.3729216034604;0.0086513250887277956;0.070616562778832617;0.0086704305492865518;0.57513855976934392;0.98502002982542269;0.0063286450858572032;37.809008347358692;37.80900834735889;37.809008347358898;7.5738724836886592e-27;1.9153542778766166e-30;37.809008347358692;3.8145018693016022e-05;0.002533266890945316;3.8189953129828978e-05;0.1680400370993739;8.4135175040937683e-09;3.702041185330139e-05;0.76772909941078216;0.76997724724463767;0.57415916484596818;0.57757097174223959;
986;4;10;996;14;1000;0.01;0.084684965112596169;0.010040160642570281;0.7142857142857143;0.98599999999999999;0.0040000000000000001;982.04873278489254;0.018028605882566565;13.982876604884879;996.03160938977669;14.00090521076744;996.0496379956594;0.0140401358654513;0.11841223516821454;0.014040390064593686;0.99871242697621143;0.98594176297424585;1.8101160302775321e-05;146.92480202796963;15.856107015732375;15.885841391598792;131.40757980405002;0.022620571606377121;147.01456859744721;1.6370052438902044e-05;0.0011383839517295513;1.6049193154604394e-05;0.080898609758179599;5.0860369892274064e-08;1.5855529286830296e-05;982.01802609140952;0.0180260914106554;13.98197390858941;996;14;996.01802609140952;0.014037872361011535;0.1184062972654122;0.014038126414246326;0.99871242204209898;0.98594402949202564;1.8098146962917047e-05;15.856126962589686;15.856126962589764;15.856126962589768;6.4235744443571055e-27;2.0352611354702105e-30;15.856126962589686;1.6304424350438172e-05;0.001137129013381365;1.5983741151946899e-05;0.080898606951988444;3.1326999046031535e-09;1.5855553206964338e-05;985.98867705698194;3.9579728779722969;10.04293233279515;996.03160938977669;14.000905210767442;999.98958226774914;0.010045888714889799;0.085049246362582015;0.010084670685825038;0.71730793755226863;0.98599714517340398;0.0039569661117057342;133.32268675337687;1.1337520715373177;1.1429265624957832;131.40757980405016;0.022620571606377139;133.43301320776254;1.187626149868816e-06;8.1867605654199367e-05;1.1725332006347516e-06;0.005776301983971591;4.7118512187365114e-08;1.124183199394054e-06;987.7001159663871;5.7001159663880134;8.299884033611983;996;14;1001.7001159663871;0.0083174521043106187;0.0702875389825032;0.0083332169012168885;0.59284885954371358;0.98602332244607704;0.0056592254496105592;34.455865992114838;34.45586599211493;34.45586599211493;7.9616133958228913e-27;8.4250344677604066e-31;34.455865992114838;3.4683930202770259e-05;0.0024710173545693507;3.4733175666637365e-05;0.17579523465364774;6.6641018721116226e-09;3.3729059605951463e-05;0.76772490671859195;0.76997313350684715;0.57415275822100809;0.57756466827270347;
986;13;1;987;14;1000;0.001;0.0085070190596487662;0.0010131712259371835;0.071428571428571425;0.98599999999999999;0.012999999999999999;973.03904630981151;0.058368931775484724;13.931499851674912;986.97054616148625;13.989868783450431;987.02891509326332;0.014116483212128758;0.11856362586946409;0.014117318457091932;0.99582838065113854;0.98582437425707392;5.9142530796732858e-05;297.71019546311169;167.48585196652644;167.25628877819059;129.65264507622646;0.033164157459153965;297.90326977455891;0.00017210277211080537;0.012113545068014871;0.00017177933036244362;0.85451518996977793;9.2144151851603682e-08;0.00016746583061241717;973.05840221543701;0.058402215437345951;13.941597784562667;987;14;987.05840221543701;0.014124389995640621;0.11860143807523166;0.014125225718908478;0.99582841318304627;0.98581644209796293;5.9167906396294355e-05;167.48498903718018;167.48498903717979;167.48498903717976;8.103785063605443e-27;1.9185097214975007e-30;167.48498903718016;0.00017224965056903137;0.012120783690633978;0.0001719260097962265;0.85451525018969665;3.3693510796423933e-08;0.00016746517203593847;985.62141599868937;12.640738620652861;1.3491301627975723;986.97054616148625;13.989868783450431;999.61128478214061;0.0013530525867602886;0.011487189461392775;0.0013679713097224542;0.09646917996252416;0.98600283235004926;0.012644115063191226;133.78216663451764;2.5448964198902928;2.4990002242243081;129.65264507622658;0.033164157459153951;133.79157395329531;2.5254326828153744e-06;0.00018119789739323624;2.5727554190883243e-06;0.012767764095059904;5.8990574562971659e-08;2.4961001666815258e-06;982.71400489647488;9.7140048964743215;4.2859951035256802;987;14;996.71400489647465;0.0043290999459337639;0.036461042035254167;0.004342446913399866;0.3061425073946914;0.98595343916158795;0.0097174608924708965;39.330635373300844;39.330635373300858;39.330635373300858;2.727111082010763e-27;7.1944114556156279e-31;39.330635373300844;4.0313451447375134e-05;0.0028463334327182292;4.0373523868344484e-05;0.20066650700663693;7.8856572834616422e-09;3.9193688113123294e-05;0.76567569841722161;0.76796376975904201;0.5847347576413553;0.58823903259449284;
987;3;10;997;13;1000;0.01;0.087837657382645998;0.010030090270812437;0.76923076923076927;0.98699999999999999;0.0030000000000000001;984.03347573184226;0.012459867020991245;12.987149761783527;997.02062549362552;12.999609628804528;997.03308536064617;0.013027525771878544;0.11408048148059925;0.013027688620121384;0.99904157210806677;0.98695997647595923;1.2497752163915698e-05;140.50695981796554;8.9254035848368005;8.9437002551356333;131.68543426988055;0.020685158170567253;140.48929394540167;9.2093036825950852e-06;0.00068953282360830869;9.0289891004348525e-06;0.052813049568527032;4.5063496037901724e-08;8.9251772713940414e-06;984.01245957418757;0.012459574188913235;12.987540425811144;997;13;997.01245957418757;0.013026457501835459;0.11407951261656576;0.013026620286671111;0.99904157121623738;0.98696104559651165;1.2496901653534931e-05;8.9254053076807072;8.9254053076806805;8.9254053076806787;6.8500894477047608e-27;1.5335455997496469e-30;8.9254053076807072;9.159452765541225e-06;0.00068863554568943054;8.9791996930417045e-06;0.052813049157873999;1.5174468359728488e-09;8.9251823194028561e-06;987.01962562132439;2.9986097565048548;10.000999872299667;997.02062549362563;12.999609628804526;1000.0192352501299;0.010003210223301352;0.087852733634381827;0.010032507971830674;0.76936009411355577;0.98699891699225517;0.0029978727844439572;133.05120859657447;0.78793908590034734;0.78990772457478886;131.68543426988052;0.020685158170567222;133.04987075563488;8.2710827852008315e-07;6.1020843395990953e-05;8.1533032719990682e-07;0.0046425639499048897;4.3078915544684604e-08;7.8488863319896322e-07;989.07680423503029;5.0768042350303118;7.9231957649696891;997;13;1002.0768042350304;0.0079342178079459622;0.06959549549790367;0.0079470368755964541;0.60947659730536052;0.98702658927574172;0.0050391929163146852;31.714058305072033;31.714058305072125;31.714058305072125;7.8582158192537627e-27;6.8788670935272229e-31;31.714058305072033;3.186685997187987e-05;0.0024468835973360191;3.1905202372485388e-05;0.18765714973415334;5.2793837224282136e-09;3.1051804346425211e-05;0.76771076286445417;0.76995926235677092;0.57413129828728571;0.57754356020667563;
988;2;10;998;12;1000;0.01;0.091378517169702425;0.01002004008016032;0.83333333333333337;0.98799999999999999;0.002;986.07468766832903;0.0076548146591931387;11.991907204419419;998.06659487274646;11.999562019078626;998.07424968740554;0.012016621288489796;0.10958224463175224;0.01201671348308915;0.99936202178999134;0.98797570782488864;7.6708866200015491e-06;134.89971988494406;3.9694435207260095;3.9854656664221291;131.19920339943243;0.017775825224076496;134.90271559964305;4.103525189441302e-06;0.00033215513116819392;4.0234693823394347e-06;0.027565554425704797;3.7389490374723666e-08;3.9693795044613855e-06;986.00765573682224;0.0076557368249258028;11.99234426317506;998;12;998.00765573682247;0.012016284843587511;0.10958426361575269;0.012016377017209466;0.999362021931258;0.98797604414047191;7.6710159402367742e-06;3.9694398439704943;3.9694398439704082;3.9694398439704077;5.8419630761557581e-27;1.5051466071616905e-30;3.9694398439705094;4.0654088696661617e-06;0.0003314495527697411;3.9853653639648076e-06;0.027565554472016827;5.7388381259788934e-10;3.9693789783579716e-06;988.05609589593416;1.9890630422669233;10.010498976811704;998.06659487274646;11.999562019078628;1000.055657915014;0.010011575503333439;0.091476550902951412;0.010030993437761275;0.83426507623028745;0.98799954277890323;0.0019888817177624997;131.31316034191212;0.54294778827875401;0.54783713699774683;131.19920339943272;0.017775825224076475;131.3272888535883;5.6828877226764257e-07;4.531082765282251e-05;5.5901505301524144e-07;0.0037606611463648597;3.6453288603009943e-08;5.4298858751315948e-07;990.49762613369273;4.4976261336922843;7.5023738663077193;998;12;1002.4976261336927;0.0075074081285587211;0.068555579915593245;0.0075174086836750035;0.62519782219230968;0.98802961495292474;0.0044629769185132095;29.962334579057103;29.962334579057089;29.962334579057092;2.8563580527221737e-27;4.8593831761614327e-31;29.962334579057103;3.0059082460585402e-05;0.0025018649448110362;3.0082544426585656e-05;0.20807176791011772;4.2432191690272666e-09;2.9349050452968507e-05;0.76770106892899126;0.76994975260549137;0.57411652471550523;0.57752902616838298;
988;11;1;989;12;1000;0.001;0.0091793352419253932;0.0010111223458038423;0.083333333333333329;0.98799999999999999;0.010999999999999999;977.05393522822544;0.042361533213076424;11.952186351803952;989.00612158002673;11.994547885016997;989.0484831132402;0.012086114870878975;0.10974091634658942;0.012086632816911686;0.99646882328502528;0.98787104890026212;4.283622886011663e-05;249.30698571927439;120.06986380120696;119.9726998884403;129.50512914397575;0.022627425983071242;249.44080266838898;0.00012294379342042445;0.010113510771393068;0.00012270879079914938;0.83381657791511321;5.8902584416745849e-08;0.00012005946167906103;977.04237400475256;0.042374004749858959;11.957625995250119;989;12;989.04237400475256;0.01209010486544311;0.10976305770796273;0.012090622846562319;0.99646883293751054;0.98786705168992328;4.2843444632131558e-05;120.06958976581247;120.06958976581244;120.06958976581247;7.728968848542352e-27;1.9721522630525295e-30;120.06958976581254;0.00012299044929279412;0.010117087105309447;0.00012275535415946778;0.83381659559592336;1.7675256509883788e-08;0.00012005930258823829;987.72274845648678;10.711174761476693;1.2833731235402897;989.00612158002662;11.994547885016997;999.71729634150552;0.0012860252841796957;0.01178568981385382;0.0012981246186608421;0.10701135233749205;0.98800051248956122;0.010713462226259518;131.95136143723965;1.9127442482062753;1.8878970358061389;129.50512914397572;0.022627425983071235;132.01286168598727;1.9039773440638183e-06;0.00015923943314059304;1.933762128422056e-06;0.01311941769762617;4.0863264747813471e-08;1.888381692261166e-06;985.04466959465981;8.0446695946594708;3.9553304053405207;989;12;997.04466959465981;0.0039905767828391754;0.036307303783201364;0.0039993229578771739;0.32961086711171028;0.98796414892967344;0.0080452742874845933;31.944300397942222;31.944300397942222;31.944300397942218;2.7400357790819041e-27;5.1118186658321567e-31;31.944300397942222;3.264173847738247e-05;0.0026916329961191405;3.2658843228948124e-05;0.22183541943015542;4.6910236025132813e-09;3.1863810396632053e-05;0.76565186418962694;0.76794039584484886;0.58469818437625076;0.58820306105942632;
989;1;10;999;11;1000;0.01;0.095393967838690419;0.01001001001001001;0.90909090909090906;0.98899999999999999;0.001;988.05789026850709;0.0035514041915601043;10.998212444917245;999.05610271342516;11.001763849108823;999.05965411761713;0.011010012264674244;0.10490867701425365;0.01101005140571247;0.99967727718545929;0.98898643336570824;3.5543696191515717e-06;132.42727884154621;0.99291155791525998;1.0093007703832568;131.54076259169591;0.012900091490738039;132.42355638820979;1.0489671733214186e-06;9.1197505951799148e-05;1.0289255327095141e-06;0.0082059045574888224;2.9042663123976178e-08;9.9290565200428452e-07;988.00354996324927;0.0035499632471144762;10.996450036752893;999;11;999.00354996324938;0.011007418380975397;0.1048995001145771;0.01100745749424711;0.99967727606844758;0.98898902811664424;3.5535023817248535e-06;0.99291442696751353;0.99291442696743415;0.99291442696743526;1.5225293149804165e-26;1.6124316902717482e-30;0.99291442696751431;1.0148935878984109e-06;9.0355303209338901e-05;9.9490323854127045e-07;0.0082059043551027215;1.203824371486751e-10;9.9290737733183344e-07;989.06441742615198;1.0100785618365846;9.9916852872722419;999.05610271342505;11.001763849108823;1000.0661812752621;0.0099930836674165906;0.095310768678687027;0.010002914730899374;0.90820520301946195;0.98899751048778051;0.001009405844802734;132.73902939578073;0.2650530031813218;0.27206334196953053;131.54076259169571;0.012900091490738057;132.74468581612447;3.0125800607629867e-07;2.4954006202898772e-05;2.9610753862034076e-07;0.0021900944028690693;2.8866874647809242e-08;2.6476462230403404e-07;991.9309334864879;3.9309334864872683;7.0690665135127269;999;11;1002.9309334864878;0.0070683246785434679;0.067434630363959899;0.0070761426561688386;0.64264241031933922;0.98903192913717497;0.0038997461842920958;28.534624197711519;28.534624197711505;28.534624197711501;2.5823544748139833e-26;1.811224638387443e-30;28.534624197711519;2.8600547943329447e-05;0.0025966533986451468;2.8591779164261341e-05;0.2358233404769528;3.3924775033259558e-09;2.7980958188403702e-05;0.76769138065362141;0.76994025395569576;0.57410189294403302;0.57751463713315987;
990;0;10;1000;10;1000;0.01;0.10000000000000001;0.01;1;0.98999999999999999;0;990.0689371372539;0;10.001201525099125;1000.0701386623531;10.001201525099125;1000.0701386623531;0.010001790904156914;0.10000593462735272;0.010001790904156914;1;0.98999820909584357;0;131.66434497443683;0;0.010931043177568153;131.71066813448084;0.010931043177568153;131.71066813448084;2.3656583576517611e-08;6.0397868637527385e-07;2.3656583576517611e-08;0;2.3656583576518147e-08;0;990;0;10;1000;10;1000;0.0099999999999998319;0.09999999999999859;0.0099999999999998319;1;0.99000000000000765;0;0;0;0;0;0;0;0;0;0;0;0;0;990.0689371372539;1.6281189843685881e-14;10.001201525099097;1000.0701386623533;10.001201525099125;1000.0701386623533;0.010001790904156899;0.10000593462735255;0.010001790904156899;0.99999999999999989;0.98999820909584357;1.6254179326552876e-17;131.66434497443689;7.3410755536116679e-28;0.010931043177568142;131.71066813448078;0.010931043177568153;131.7106681344809;2.365658357651812e-08;6.0397868637530054e-07;2.365658357651811e-08;7.4510007909904053e-30;2.3656583576517882e-08;7.2773509683327237e-34;993.37609796769709;3.3760979676969636;6.6239020323030324;1000;10;1003.3760979676971;0.0066181637399928637;0.066239020323030723;0.0066239020323029668;0.66239020323030329;0.99003348352732901;0.0033483527326802647;27.99559857850813;27.995598578508144;27.995598578508144;2.5461653230147884e-27;3.0923347484663664e-31;27.99559857850813;2.8049889841944906e-05;0.0027995598578508013;2.7995598578508048e-05;0.2799559857850813;2.7497196198360386e-09;2.7497196198357926e-05;0.76768797369514519;0.76993691076678872;0.57409667763595595;0.57750950541089441;
990;9;1;991;10;1000;0.001;0.010045306046211759;0.0010090817356205853;0.10000000000000001;0.98999999999999999;0.0089999999999999993;981.04388515097185;0.029024515205730073;9.9651607031620539;991.00904585413343;9.9941852183678144;991.03807036934109;0.010056608187829514;0.10013440939981809;0.010056902886122158;0.99709636994897277;0.98991410104807087;2.929076409828691e-05;210.21415950609796;80.47841395904355;80.391682329596875;129.98555841835886;0.017792086072795733;210.30177137747432;8.2053492403533646e-05;0.0081168441675740256;8.1894412232872104e-05;0.80478202133399335;3.8979892979526887e-08;8.0473637348087921e-05;981.02903619872768;0.029036198728828667;9.9709638012711697;991;10;991.02903619872768;0.010061222678393506;0.100161382959468;0.010061517458396738;0.99709638012711699;0.98990947829492182;2.9299026685368313e-05;80.478203962721466;80.478203962721679;80.478203962721679;9.0343632527275986e-27;1.5146129380243426e-30;80.478203962721466;8.2105769348856799e-05;0.0081209085734330524;8.1946605180959237e-05;0.80478203962721706;8.1941803799435089e-09;8.0473488617171694e-05;989.80896259491601;8.7941019591503533;1.2000832592174331;991.00904585413343;9.9941852183678144;999.80314781328514;0.0012024189701432945;0.01206231158005726;0.0012114250191126864;0.12011742930129385;0.99000254157055323;0.0087950394593038703;132.18751812667159;1.7084757047829353;1.6855345876417791;129.98555841835872;0.017792086072795726;132.21133948574246;1.6993758388388627e-06;0.00017027870917696243;1.7198090566359971e-06;0.016868542737291777;3.0717399704866436e-08;1.6911725684167135e-06;987.44189825213027;6.441898252130196;3.5581017478698036;991;10;997.44189825213027;0.0035852769050242908;0.035742221000913281;0.0035904154872550931;0.35581017478698074;0.98997417305789082;0.0064405500370838028;24.391772135174449;24.391772135174971;24.391772135174971;5.0018577665315894e-27;9.2454498091902578e-31;24.391772135174449;2.4844511173855751e-05;0.0024613291761024095;2.4836823169549855e-05;0.24391772135174919;2.4794896585790632e-09;2.435059683386671e-05;0.76563772374519201;0.76792653138175104;0.58467655532033613;0.58818179074443599;
991;8;1;992;9;1000;0.001;0.010583343916682543;0.0010080645161290322;0.1111111111111111;0.99099999999999999;0.0080000000000000002;983.02702177033848;0.023258425625440136;8.9736168076636993;992.00063857800444;8.996875233289126;992.02389700362812;0.0090469648800301766;0.094990066415491847;0.0090471771070304852;0.99741516350544801;0.99092958613230953;2.3448987659693718e-05;193.95151654607594;63.628415736143516;63.591344688737351;130.37430916710747;0.012894185385397263;193.99156243309542;6.477747917949794e-05;0.0071251713192051844;6.465116908556196e-05;0.78553498932040433;2.8962886458172455e-08;6.3625375896624633e-05;983.02326353258661;0.023263532586761337;8.9767364674132413;992;9;992.02326353258661;0.0090489173056372673;0.095003889284060283;0.009049129503440766;0.99741516304591471;0.99092763211213597;2.3450582225619185e-05;63.628334070737843;63.628334070737701;63.628334070737679;6.8371647506336197e-27;1.4388822911231256e-30;63.628334070737857;6.4785079518641221e-05;0.0071268295330127194;6.465873568257507e-05;0.78553498852762571;5.2371119799371885e-09;6.3625350165750781e-05;990.82636986245393;7.8226065177385413;1.1742687155505991;992.00063857800444;8.996875233289126;999.8232450957421;0.0011762829978414805;0.012432811241746521;0.001183989702785757;0.1305664978694705;0.99100035883235837;0.0078233581697996265;132.09379915714456;1.6005379704221545;1.5831532326687923;130.37430916710758;0.012894185385397243;132.11415873451119;1.5937557174310916e-06;0.00017740655685707555;1.6105531544959282e-06;0.019552075565778693;2.3386467140651884e-08;1.5873700545074251e-06;988.64758775724533;5.6475877572456872;3.3524122427543102;992;9;997.64758775724533;0.0033756888457503122;0.035479731715566017;0.0033794478253571817;0.37249024919492335;0.99097864016024084;0.0056456709940216317;20.750648361862698;20.750648361863067;20.750648361863075;4.9760083723893072e-27;9.4032219902344603e-31;20.750648361862698;2.1099247497378344e-05;0.0023242213666961483;2.1086685786557514e-05;0.25618084397362051;1.7056260894807771e-09;2.07215460755632e-05;0.76563824591614094;0.7679270418418942;0.58467731755856867;0.588182538795331;
992;7;1;993;8;1000;0.001;0.011219677721630005;0.0010070493454179255;0.125;0.99199999999999999;0.0070000000000000001;984.81989791952208;0.018105832534459122;7.9817023462948651;992.80160026581893;7.9998081788293147;992.81970609835309;0.0080404940865637861;0.089565120591387951;0.0080406407662512846;0.99773699245747371;0.99194126809627103;1.823781716465897e-05;180.93920405234383;48.746852760222929;48.752072387752435;129.39765082150373;0.0079651783247633411;180.91755527050771;4.958521376869521e-05;0.0061385422931492213;4.9488066179958558e-05;0.76166995938351034;2.0184700128435088e-08;4.8745009861479223e-05;985.01810412775444;0.018104127749653393;7.9818958722503579;993;8;993.01810412775444;0.0080380164728700784;0.089554299294257581;0.0080381630133437663;0.99773698403129474;0.99194375211610308;1.8231411029001131e-05;48.746876459492654;48.746876459492483;48.746876459492533;8.2588814284591359e-27;1.0397186730812936e-30;48.746876459492654;4.953368255873285e-05;0.0061363137537125759;4.9436565991642171e-05;0.76166994467957028;3.1638248701930163e-09;4.8745099209837138e-05;991.61474246809814;6.8129503811096059;1.1868577977197157;992.80160026581893;7.9998081788293156;999.61455064692859;0.0011897286802198365;0.013330685941851043;0.0011964929908074256;0.1485391832978836;0.99199605320389228;0.0068142181158876132;132.59924146777274;1.4422372236491809;1.4165461748478774;129.3976508215035;0.0079651783247633497;132.6085033622677;1.4290930283593541e-06;0.00017911685448109048;1.4416237661078931e-06;0.022274745353937371;1.637326804428318e-08;1.4230383299438219e-06;989.84419721832717;4.8441972183269346;3.1558027816730645;993;8;997.84419721832717;0.0031751988021049972;0.035407090163395251;0.0031780491255519057;0.39447534770913339;0.99198261579378655;0.0048421854041056141;17.112805296658529;17.112805296658522;17.112805296658522;1.8094575899597482e-27;1.6487192919119146e-31;17.112805296658529;1.7368622722870337e-05;0.0021541799215330447;1.7354923839138202e-05;0.2673875827602894;1.1093720008903099e-09;1.7092111751648552e-05;0.76567071908342299;0.76795888369450227;0.58472704739460013;0.5882314463380206;
993;6;1;994;7;1000;0.001;0.011988305118524129;0.001006036217303823;0.14285714285714285;0.99299999999999999;0.0060000000000000001;986.80173378179938;0.013606015854988978;6.9893775902647306;993.79111137206405;7.0029836061197219;993.804717387918;0.0070338423844153305;0.083785095872691562;0.0070339387083215195;0.99805725808397683;0.99295246566868633;1.3691946898529029e-05;168.06719799900364;35.836917150934667;35.8756246643729;129.75130555311159;0.0030094166862949401;168.09052996619292;3.6416404979523791e-05;0.0051551106437304041;3.634475995041426e-05;0.7313673224092444;1.1445966617197354e-08;3.583588837969181e-05;987.01359929230978;0.013599292311295879;6.986400707688702;994;7;994.01359929230978;0.00702847598553829;0.083755103364044986;0.0070285721405319215;0.99805724395553208;0.99295784282527766;1.3681189185754415e-05;35.836997614051306;35.836997614051178;35.836997614051171;7.5480230895463771e-27;5.9953428796796898e-31;35.836997614051306;3.6342526999465434e-05;0.0051504739313094549;3.6270943178235657e-05;0.73136729824594326;1.7772275905640996e-09;3.5836017136154455e-05;992.61524837534807;5.8271206094039254;1.1758629967157925;993.79111137206405;7.002983606119721;999.61823198146624;0.0011779888898396259;0.014100903703881047;0.0011836721290716624;0.16799203530603377;0.99299345572279496;0.0058285553873656864;131.67534621489395;1.2516332761672886;1.2436830914408863;129.75130555311173;0.0030094166862949393;131.74533588024786;1.2517110671524304e-06;0.00017894447726685334;1.2604415507916539e-06;0.025415947503405766;9.0650252454420903e-09;1.2413580325588583e-06;991.09773620225178;4.0977362022513972;2.9022637977486014;994;7;998.09773620225178;0.0029178828521380703;0.034793223941856931;0.0029197824927048458;0.41460911396408578;0.99298658823180863;0.0040955289160587464;13.62791015645376;13.627910156453762;13.627910156453762;1.5121895573235038e-27;3.470987982972452e-31;13.62791015645376;1.3806279850213476e-05;0.001958595883365001;1.3792928756091625e-05;0.27812061543783134;6.7515672405532537e-10;1.3613860183857645e-05;0.76567045493195129;0.76795862245116275;0.58472658941514988;0.5882309936733382;
994;5;1;995;6;1000;0.001;0.012942340885816991;0.0010050251256281408;0.16666666666666666;0.99399999999999999;0.0050000000000000001;988.81751977291367;0.0097564982125347387;5.987633030432562;994.8051528033468;5.9973895286451038;994.8149093015586;0.0060196497451559467;0.077520287276783881;0.0060197088022790959;0.99837349952823606;0.99397054273681995;9.8075180243098199e-06;157.02019110877026;24.902532825243849;24.883415449087927;130.16085378238625;0.0069765200980988007;157.01025935937665;2.5208821751515633e-05;0.0041708337901830471;2.515899098262132e-05;0.69173632734202328;1.284596406157148e-08;2.4902023644317823e-05;989.00975897448541;0.0097589744855294154;5.9902410255144858;995;6;995.00975897448541;0.006020283694796561;0.077527741340414305;0.006020342739210531;0.99837350425241234;0.99396990838944244;9.8079157616399991e-06;24.902508067334701;24.902508067334885;24.902508067334885;1.0598251598335666e-26;4.3545121968199855e-31;24.902508067334701;2.5203251008150591e-05;0.0041712743831381627;2.5153413365657267e-05;0.69173633520374433;9.0550512054684206e-10;2.4902019638048599e-05;993.68382883461015;4.8760655599077083;1.1213239687373837;994.8051528033468;5.9973895286451038;999.68121836325417;0.0011240070216072681;0.014531264267323877;0.0011284052135435208;0.18715498934326438;0.99399989280895118;0.004876100169442019;133.4448301466777;1.132577566392458;1.1163798932667577;130.16085378238634;0.0069765200980987973;133.43197869425404;1.1261155122612828e-06;0.00018770181314777776;1.1322342885659116e-06;0.031149754177638326;1.1821723537103591e-08;1.1183113253842659e-06;992.43194905580287;3.4319490558026962;2.568050944197303;995;6;998.43194905580276;0.0025797287235575814;0.033236590731945494;0.0025809557228113674;0.42800849069955044;0.9939905310965621;0.0034297401798803395;10.053718740790316;10.053718740790316;10.053718740790316;1.2795450100429647e-27;3.1396664027796271e-31;10.053718740790316;1.0166069125767819e-05;0.0016840399900821114;1.0155015015570625e-05;0.279269965021953;3.6524762802470634e-10;1.0044563414845237e-05;0.76565657934988984;0.76794502062523606;0.58470543614942239;0.58821019423073151;
995;4;1;996;5;1000;0.001;0.014170505031628393;0.001004016064257028;0.20000000000000001;0.995;0.0040000000000000001;990.80161090011802;0.0065207226085898561;4.9935302885353519;995.79514118865313;5.0000510111439489;995.80166191126352;0.0050152087105485828;0.070769953039627992;0.0050152415588331101;0.99869598476732369;0.99497824280933689;6.5484801158158452e-06;148.01487021791451;15.947878156349697;15.951270703225452;130.49642944371089;0.002997586011986372;148.08167120685826;1.6127944487414836e-05;0.003203813117770828;1.609597359517474e-05;0.63791533230472286;6.5304365753801021e-09;1.5947656469350029e-05;991.00652006785799;0.0065200678547597127;4.9934799321452434;996;5;996.00652006785833;0.0050135012501959075;0.070760132503799367;0.0050135340684189138;0.99869598642905177;0.99497995254120719;6.5462085962906326e-06;15.947883373948981;15.947883373948907;15.947883373948907;9.5255017414309592e-27;3.6287601640166545e-31;15.947883373948981;1.6108193716364807e-05;0.003202386219668449;1.6076236042512294e-05;0.63791533495795427;4.0190063972872378e-10;1.594767460085704e-05;994.73804788786686;3.9429577103573847;1.0570933007865688;995.79514118865325;5.0000510111439489;999.73809889901156;0.0010590711514912737;0.01498639181689531;0.0010622447216782837;0.21144657061867608;0.9949980129725825;0.0039429158759256818;132.62226284472567;1.0218379585102093;1.0189096517187737;130.49642944371089;0.0029975860119863698;132.69538468733649;1.0245912994544109e-06;0.00020470592692289395;1.0289616098449384e-06;0.040740344062562418;6.0186858478711977e-09;1.013302265107098e-06;993.75705524108491;2.7570552410848546;2.2429447589151454;996;5;998.75705524108491;0.0022512776616948689;0.031783659991871445;0.0022519525691919204;0.44858895178302893;0.99499374986183919;0.0027549724764754286;7.0576404458826545;7.0576404458823223;7.0576404458823223;5.8290383790846171e-27;2.9976714398398448e-32;7.0576404458826545;7.1224355066576038e-06;0.0014171968766831789;7.1144421520241231e-06;0.28230561783529001;1.7770529936138961e-10;7.0514600100923043e-06;0.76565657706498647;0.76794501614395083;0.58470537887104546;0.58821013562814894;
996;3;1;997;4;1000;0.001;0.01583515888048841;0.0010030090270812437;0.25;0.996;0.0030000000000000001;992.82601104018931;0.0038890523687892856;3.9970644898276282;996.82307553001863;4.0009535421964175;996.82696458238615;0.0040103009174913603;0.063294717984667168;0.0040103165657682741;0.9990280261335206;0.99598579748118976;3.9016013190562272e-06;140.16182884534928;8.9766815465223662;8.9833936745976626;130.14382261529587;0.0010016184793235599;140.18135726730085;9.0649540820751696e-06;0.0022526073503459391;9.0469411342670365e-06;0.56104302976924059;3.2481559525509684e-09;8.9766063557090852e-06;993.00388791256091;0.0038879125615874596;3.9961120874384108;997;4;997.0038879125608;0.0040081208675561272;0.063279069808827595;0.0040081364969291912;0.99902802185960271;0.99598797953699325;3.8995954510908778e-06;8.9766883738566108;8.9766883738565415;8.9766883738565415;9.7581462887114984e-27;1.7315496869601209e-31;8.9766883738566108;9.0487918975305114e-06;0.0022509248680683378;9.0307918478167852e-06;0.56104302336603384;1.4449154278330582e-10;8.9766183719102178e-06;995.82191036881454;2.9997883809945227;1.0011651612018944;996.82307553001863;4.0009535421964166;999.82286391101104;0.0010026413029219337;0.015855839798435224;0.0010048481603341423;0.25020554645579318;0.99599782308301932;0.0029995356140583044;131.65904143794015;0.80684481524175522;0.80697298717247912;130.14382261529556;0.0010016184793235614;131.68515381603635;8.1191692981347055e-07;0.00020249749482972442;8.1413858735700085e-07;0.050377576865532452;3.0429880590626353e-09;8.03364558733307e-07;995.1734682491641;2.1734682491641593;1.8265317508358416;997;4;999.17346824916399;0.0018316514864099287;0.028923420474742171;0.0018320278343388482;0.45663293770896018;0.99599667671734016;0.0021716717962530492;4.2782390244558757;4.2782390244558766;4.2782390244558766;8.4010530962416876e-28;1.6368863783335996e-32;4.2782390244558757;4.3082279519069325e-06;0.0010727780903851301;4.3040244348450798e-06;0.26738993902849229;6.8793990456021833e-11;4.2738653536742745e-06;0.76563903030420022;0.76792780975319141;0.58467848932361499;0.58818368999335735;
997;2;1;998;3;1000;0.001;0.018275703433940485;0.001002004008016032;0.33333333333333331;0.997;0.002;994.8143916055177;0.0019415776174718216;2.9991575877727481;997.81354919329067;3.0010991653902108;997.81549077090779;0.0030061183735723132;0.05480949405700801;0.0030061242245866308;0.99935304449990203;0.99699193548478804;1.9461416393762731e-06;135.26094374755306;3.9922377317114077;3.9966313331705594;130.51893890580212;1.2081646243009384e-06;135.25614002980933;4.0257005776111852e-06;0.0013348166474417352;4.0176874999669128e-06;0.44358228591329901;1.2562993309730161e-09;3.9922194950734206e-06;995.00194088455771;0.0019408845585376065;2.9980591154414604;998;3;998.00194088455783;0.0030040614079946803;0.05479163927123;0.0030040672499413459;0.99935303848048895;0.99699399382194909;1.9447700512558441e-06;3.9922405010640465;3.9922405010640674;3.9922405010640669;8.5173753698819572e-27;1.0551014607331034e-31;3.9922405010640465;4.0162624020154928e-06;0.0013334136610100437;4.0082574980261708e-06;0.4435822778960084;3.6074177189559765e-11;3.9922249752815039e-06;996.80391364306479;1.9914636151633534;1.0096355502268619;997.81354919329067;3.0010991653902108;999.80501280845499;0.0010102764448821481;0.018448828503820069;0.0010117366511046778;0.33642192236405172;0.9969979226291279;0.0019918009259903995;130.59295448252334;0.55490814226707375;0.55492811503550843;130.51893890580229;1.2081646243009321e-06;130.59252439347031;5.5626644128148313e-07;0.00018515295143002806;5.5654414010395002e-07;0.06161275268456818;1.1866961683003148e-09;5.5474783965796435e-07;996.56878890186078;1.5687889018607177;1.4312110981392825;998;3;999.56878890186067;0.0014339378041049614;0.026156389580958062;0.0014340792566525729;0.47707036604642733;0.99699869948712028;0.0015673627087944438;2.2901188484899211;2.2901188484901156;2.2901188484901156;6.3589509590014002e-27;5.5220263365470828e-33;2.2901188484899211;2.3008869474451184e-06;0.0007649027550067208;2.2993068787777002e-06;0.25445764983223884;2.066662860286473e-11;2.2871160839192329e-06;0.76563955173490117;0.76792831876154655;0.58467923300587066;0.58818441906028374;
998;1;1;999;2;1000;0.001;0.022371868507134143;0.001001001001001001;0.5;0.998;0.001;996.82749745754791;0.00065268491779053666;1.9998357574171166;998.82733321496403;2.0004884423349019;998.82798589988295;0.002002445919878582;0.044740675021544773;0.0020024472278940548;0.99967373722211295;0.99799690073642477;6.5334369815639507e-07;132.31643889653591;0.99869511480720519;0.999671600449204;130.97110338748331;2.38575924762924e-07;132.31529370213968;1.0054273394755473e-06;0.00050042962970493581;1.003424062168062e-06;0.24967385832364997;5.3863958185235849e-10;9.9869379825837556e-07;997.0006525259771;0.00065252597464252862;1.9993474740253607;999;2;999.0006525259771;0.0020013475156685887;0.044729138788965957;0.0020013488228482045;0.99967373701268036;0.99799799930566235;6.5317866841972586e-07;0.99869543245745207;0.99869543245740888;0.99869543245740888;7.3283032393369789e-27;4.2401273655629384e-32;0.99869543245745207;1.0026969061049075e-06;0.00049984756379249531;1.0006958234083978e-06;0.24967385811435222;4.0027780654530676e-12;9.9869412803939968e-07;997.83693153069044;1.0100867580622488;0.99040168427266073;998.82733321496403;2.0004884423349014;999.83741997302582;0.00099156507159867536;0.022164194147139958;0.00099230093223897134;0.4950799332623958;0.99799892062982787;0.0010095142985740552;132.43139331134537;0.26492137070683941;0.2649117546803928;130.97110338748342;2.3857592476292876e-07;132.43123421861762;2.6816174137387796e-07;0.00013311429278527821;2.6778559165119071e-07;0.066196788303617526;5.3406893623885394e-10;2.6467474123852701e-07;998.01711321465336;1.0171132146535058;0.98288678534649421;999;2;1000.0171132146534;0.00098382631658307631;0.021989013919171713;0.0009838706560024882;0.4914433926732471;0.99800003231505408;0.00101614136836514;0.95570812624304935;0.95570812624305002;0.95570812624305002;4.5236439748993705e-28;1.9228484564762163e-33;0.95570812624304935;9.5758264244338986e-07;0.00047833239551703475;9.5762241344752524e-07;0.2389270315607625;3.8226813841583075e-12;9.5375996105907039e-07;0.76562462886149329;0.76791369023059142;0.58465648132367343;0.5881620478625641;
999;0;1;1000;1;1000;0.001;0.031622776601683791;0.001;1;0.999;0;998.81816250479255;0;1.0001220902252659;999.81828459501776;1.0001220902252659;999.81828459501776;0.0010004355257851676;0.031629141189480438;0.0010004355257851676;1;0.99899956447421379;0;131.32744070498435;0;1.4906023401835364e-08;131.32739631252201;1.4906023401835364e-08;131.32739631252201;1.3221462178269595e-10;3.2993909057182445e-08;1.3221462178269595e-10;0;1.322146217826906e-10;0;999.00000000000011;0;1.0000000000000002;1000.0000000000001;1.0000000000000002;1000.0000000000001;0.0010000000000000007;0.031622776601683222;0.0010000000000000007;1;0.99900000000001676;0;1.2924697071141057e-26;0;4.9303806576313238e-32;1.2924697071141057e-26;4.9303806576313238e-32;1.2924697071141057e-26;0;0;0;0;0;0;998.81816250479255;1.4746553018425912e-14;1.0001220902252601;999.81828459501776;1.0001220902252657;999.81828459501776;0.0010004355257851531;0.031629141189479959;0.0010004355257851531;0.99999999999999423;0.99899956447421379;1.4748471752536284e-17;131.3274407049843;4.1225283278429426e-28;1.4906023398234038e-08;131.32739631252204;1.490602340183851e-08;131.32739631252204;1.3221462178268458e-10;3.2993909057178203e-08;1.3221462178268458e-10;4.1307759599192679e-28;1.322146217826906e-10;4.1205996099409888e-34;999.4946318208614;0.49463182086123469;0.50536817913876531;1000;1;1000.4946318208614;0.00050536415730906259;0.015981145030504719;0.00050536817913876574;0.50536817913876531;0.99900049414172143;0.00049414170098995187;0.4906079009055756;0.49060790090557527;0.49060790090557527;6.5657461121396573e-27;2.4701207094732932e-32;0.4906079009055756;4.9061208214559438e-07;0.00049060790090557551;4.9060790090558048e-07;0.49060790090557527;4.8963232789042426e-13;4.8963232785755203e-07;0.765625412147102;0.76791445597813024;0.58465762541464616;0.58816317069236157;
250000;250000;500000;750000;750000;1000000;0.5;0.66666666666666663;0.66666666666666663;0.66666666666666663;0.25;0.25;250045.0886179301;250596.77045383552;499742.79786829505;749787.88648622506;750339.56832213025;1000384.656940061;0.4995684548035586;0.66626347536914021;0.6665280923571314;0.66603788334562009;0.24994136232877479;0.25049018286766639;65628853.742279455;63232807.323436648;89780934.334927589;125641741.98188823;134096871.73025905;166986484.69770932;6.5953468419693425e-05;5.2152122454973372e-05;8.1293087868717167e-05;7.4953229757625589e-05;5.1397554926403334e-05;4.7425020388279695e-05;250286.45418829063;250286.45418829063;499713.5458117103;750000;750000;1000286.4541882918;0.4996142751207886;0.66628472774894509;0.66628472774894509;0.66628472774894509;0.25019286243960576;0.25019286243960576;29321726.105846889;29321726.105846889;29321726.105846941;2.8324781756183802e-21;2.8324781756183802e-21;29321726.105846796;6.5901573144130129e-05;5.2127513077060985e-05;5.2127513077060985e-05;5.2127513077060985e-05;1.6475393286032532e-05;1.6475393286032532e-05;250033.00401567918;250584.68585158436;499754.88247054559;749787.88648622506;750339.56832213036;1000372.5723378089;0.49965837982501643;0.66630083587103417;0.66656419429059444;0.66607648001048325;0.24989709611577163;0.25044452405921197;104141210.65267684;104638215.56882681;105813358.40930519;125641741.9818881;134096871.73025903;230871825.77911967;0.00013767955929810789;0.00010898194578274865;0.00013644633801255027;0.00013338249161364433;6.8277042080801229e-05;6.637672146865312e-05;250372.57233780925;250372.57233780925;499627.42766219057;750000;750000;1000372.5723378089;0.49978709376191688;0.66616990354958727;0.66616990354958727;0.66616990354958727;0.25010645311904151;0.25010645311904151;230871825.77911946;230871825.77911946;230871825.77911955;2.7105054312137612e-21;2.7105054312137612e-21;230871825.77911925;0.00051875727322740436;0.00041043880138510146;0.00041043880138510146;0.00041043880138510146;0.00012968931830685109;0.00012968931830685109;0.49961427592920032;0.51004976033203431;6.5901597229421386e-05;0.0001613840887450674;
272727;227273;500000;772727;727273;1000000;0.5;0.66697296149364049;0.64705905190319479;0.68749974218759669;0.272727;0.227273;272619.6552281187;227583.18631803212;499909.8732537349;772529.52848185424;727493.05957176525;1000112.714799887;0.49986820300311918;0.66683292852433318;0.64712644144632958;0.68718170548815938;0.27257791856803665;0.22755387842884378;71442545.675399452;58844134.1456597;92261902.879008666;146575076.18503043;128640491.56218933;174362998.84112883;6.3333277430958481e-05;4.9969850887796517e-05;7.5948003065033645e-05;7.849800364393477e-05;5.2459015263824798e-05;4.8050251269954329e-05;272820.49284942198;227366.49284942204;499906.50715057773;772727;727273;1000093.4928494223;0.49990177524848917;0.66684824708832491;0.64693806111418106;0.68737118956784782;0.2727746241398038;0.22732360061170701;28014316.171569824;28014316.171569839;28014316.171569798;2.7105054312137612e-21;3.1306337730518942e-21;28014316.171569858;6.3016265470391527e-05;4.9849002676277748e-05;4.6916742553818573e-05;5.2964526788471693e-05;1.4813752120794751e-05;1.6723313007922176e-05;272858.27588727034;227821.80697718408;499671.25259458279;772529.52848185448;727493.05957176548;1000351.3354590375;0.49959370183305868;0.66654669051937498;0.64684542089811059;0.68689016538671144;0.27271291645104934;0.22769338171589207;112568245.3756801;105318965.8671595;99987165.933632597;146575076.18503064;128640491.56218928;254238267.20828563;0.00013441404618073926;0.00010651313128634784;0.0001248907717136363;0.00014329048528106855;6.6394422656123006e-05;6.9816870949537449e-05;273078.33545903745;227624.33545903745;499648.66454096296;772727;727273;1000351.3354590377;0.49985378337695846;0.66650429899045738;0.64660438232514494;0.68701665611257745;0.27279789293472634;0.22734832368831573;254238267.20828581;254238267.20828587;254238267.20828572;2.995108501491206e-21;3.2119489359883067e-21;254238267.20828593;0.00057073261514038352;0.00045239455372962927;0.00042578341933775994;0.00048066886343894996;0.00013416681272416966;0.00015146153291656364;0.49983300943985426;0.51025928505400531;6.3624179502273139e-05;0.00016366002189399548;
295081;204919;500000;795081;704919;1000000;0.5;0.6678742638023405;0.62886674439459622;0.70930135235395841;0.29508099999999998;0.20491899999999999;295029.39839624148;205232.27347202337;499950.74334877206;794980.1417450133;705183.01682079514;1000212.4152170355;0.499861938090223;0.6677231004426657;0.62890684721967571;0.70897671973344423;0.29495083192553639;0.20518722998423955;78200758.926194504;50390356.622530743;88635821.687615082;149611221.67635858;117432835.13495821;173217253.13086081;6.2699827818574273e-05;4.9119845799215342e-05;7.4673993565549246e-05;7.4917565804225522e-05;5.3753603503354833e-05;4.2432125804979982e-05;295191.97193956259;205029.97193956253;499889.0280604377;795081;704919;1000110.9719395626;0.49987420438233177;0.6677260331974626;0.6287271712698933;0.70914392726034958;0.29514011714734029;0.20498567847032717;27114804.637649368;27114804.637649376;27114804.63764938;3.0222135558033437e-21;3.2526065174565132e-21;27114804.63764932;6.0983267965249052e-05;4.8378888687562894e-05;4.2892733991565818e-05;5.4566744826847015e-05;1.3468108560668791e-05;1.7133690831524009e-05;295238.32616475836;205441.20124054054;499741.81558025407;794980.14174501342;705183.01682079514;1000421.3429855536;0.49962642808093299;0.66747176872374925;0.6286682764389383;0.70871196701698813;0.29506262487257412;0.2053109470464935;119605458.20894048;92498121.076013148;99241446.030225605;149611221.67635864;117432835.13495827;246124092.52447838;0.00013295116772980655;0.00010508378096948745;0.00012199272580750961;0.00014099838158314766;6.773745344612477e-05;6.3910910168283152e-05;295502.34298555274;205340.34298555303;499578.65701444744;795081;704919;1000421.3429855533;0.49973643223259023;0.66731145552977189;0.62833680721139984;0.70870363405504289;0.29520486261802326;0.20505870514938693;246124092.52447835;246124092.52447852;246124092.5244785;3.266159044612582e-21;2.8053731213062426e-21;246124092.52447835;0.00055195839713109642;0.00043914054460992831;0.00038934210925161913;0.00049530840188590018;0.00012189959412753139;0.0001550767094622871;0.49953892363072883;0.5099774473981622;6.3494049134295251e-05;0.00015766389839173167;
316715;183285;500000;816715;683285;1000000;0.5;0.66931998845678764;0.61220866520144723;0.73175907564193565;0.31671500000000002;0.183285;316762.7896870306;183759.2915629459;499846.09074979613;816608.88043682615;683605.38231274195;1000368.1719997722;0.49968120294764656;0.66899780041767332;0.61212241042206128;0.73120124137795028;0.31662812962407971;0.183690667428274;84967045.672554523;47430669.423830174;89761197.650538132;155935182.4125011;112986163.74916187;175093008.54940304;6.5194804179998634e-05;5.067060538556627e-05;7.4694421791650069e-05;7.8136136986937891e-05;5.5916964383266364e-05;4.1024499657242602e-05;316976.08744355699;183546.08744355699;499738.91255644296;816715;683285;1000261.0874435569;0.49964969403703652;0.66897048636737233;0.61188898521080459;0.73137696942921715;0.31687457253993528;0.18347573342302789;27552173.483998038;27552173.483997993;27552173.483997993;2.8053731213062426e-21;2.7376104855258989e-21;27552173.483998086;6.1988543824723687e-05;4.9372309803485018e-05;4.130615784462672e-05;5.9013597548831365e-05;1.286271627345218e-05;1.8376803875140734e-05;317005.38849117473;184001.89036708992;499603.49194565177;816608.88043682638;683605.38231274195;1000610.7708039153;0.49939163462447217;0.6686986922084367;0.61184923418413373;0.73087376271005011;0.31675977660732224;0.18384858876820481;128234302.22723135;84509952.527280539;100952248.50048892;155935182.41250125;112986163.74916169;244248497.35757974;0.00013329762015205286;0.00010526638993885714;0.00012094460614154799;0.00014268660492825356;7.04397279896944e-05;6.0789878783729207e-05;317325.77080391633;183895.77080391641;499389.22919608338;816715;683285;1000610.7708039153;0.49944901511332507;0.66850238624193381;0.61146082684422809;0.73086520148412948;0.31696598647219404;0.18358499841448059;244248497.3575798;244248497.35757968;244248497.35757947;2.995108501491206e-21;2.7782680669941049e-21;244248497.35757971;0.00054633425689401018;0.00043768280159740944;0.00036617680964532958;0.00052315228536646888;0.00011336518174656964;0.00016196343501148147;0.49893709994446034;0.50940085087676157;6.7122319688882787e-05;0.00014897776207808126;
337324;162676;500000;837324;662676;1000000;0.5;0.67123193953851479;0.59714041398550621;0.7545165359844026;0.33732400000000001;0.16267599999999999;337180.38810473116;163020.48543674231;499918.9056245829;837099.29372931505;662939.39106132544;1000119.7791660578;0.4998785612624439;0.67107895124193262;0.59722967762092993;0.75410629573654009;0.33711865832069832;0.16300278041685795;91506781.631832033;44090224.589446597;88188707.140655816;169431506.31321183;107549474.3394244;180552708.20667332;6.2608122714004236e-05;4.8193865890823626e-05;7.0513014184414027e-05;7.932411790838408e-05;5.6595505359870802e-05;3.9797126057651051e-05;337475.22643259034;162827.22643259089;499848.77356740978;837324;662676;1000151.2264325914;0.49981220115652764;0.67102892351519983;0.59695980715638086;0.7542883302962663;0.33740696652426533;0.16278083231920798;26023908.358118318;26023908.358118284;26023908.358118325;3.3339216803929261e-21;2.8053731213062426e-21;26023908.358118258;5.8573130514208893e-05;4.6900528796840762e-05;3.7118074748813204e-05;5.9261144774046322e-05;1.1431899614732976e-05;1.8251686346763381e-05;337327.44175958273;163167.53909159344;499771.85196973238;837099.29372931505;662939.39106132544;1000266.8328209069;0.49973444405705236;0.67090718211104183;0.59707558652549131;0.75391484620058202;0.33718311449615823;0.1630824414467896;134859485.42366704;83974287.32528244;101238603.6647747;169431506.31321174;107549474.33942425;250739578.21022552;0.00013442044447067167;0.00010627032882273228;0.00011498515796747173;0.0001551610167351895;6.9591644760510029e-05;6.349009593928499e-05;337590.8328209084;162942.83282090811;499733.16717909119;837324;662676;1000266.8328209069;0.49997530966009468;0.67087372611469309;0.59682174066322202;0.75411387643296468;0.33733490779712544;0.16268978254278135;250739578.21022558;250739578.21022558;250739578.21022561;3.4558944247975454e-21;2.6969529040576924e-21;250739578.2102257;0.00056292146493600698;0.00045188519136049935;0.00035763153936828589;0.00057097935638341854;0.00010986712886322112;0.00017540920086865023;0.49861481316420192;0.50909194225797305;6.5911414687372521e-05;0.00014142754944826441;
356664;143336;500000;856664;643336;1000000;0.5;0.67351274558008423;0.58365940438725106;0.7771988509892187;0.35666399999999998;0.14333599999999999;356627.11291594891;143682.52655862732;499949.54555557913;856576.65847152681;643632.07211420545;1000259.185030156;0.49984066332397098;0.6733239225482015;0.58368876207942999;0.77677072009958337;0.3565091846994034;0.14365015197662598;97712400.815961733;37099677.449204952;84646834.989512384;173824073.89365193;97859596.069344938;178358406.84490031;6.0808598082433281e-05;4.593223421138416e-05;6.8246345922168822e-05;7.3980804957882515e-05;5.6889780770942457e-05;3.4727350618606856e-05;356843.14338017034;143515.14338016952;499820.85661982949;856664;643336;1000179.1433801681;0.49976707733118392;0.67327143488042296;0.5834502869501117;0.77692039093075804;0.35676389835871053;0.1434690243101053;23855657.371699929;23855657.371699903;23855657.371699892;4.4452289071905684e-21;2.3716922523120408e-21;23855657.37169994;5.3705775383459908e-05;4.3285557695613801e-05;3.2506510773962002e-05;5.7638899420761908e-05;9.8790272179570868e-06;1.7516990985292222e-05;356801.99991808546;143857.41356076443;499774.65855344187;856576.65847152681;643632.07211420545;1000434.0720322926;0.4996474626183427;0.67310956135453337;0.58350373535672262;0.77652240308099363;0.35659158701941462;0.14376095036224262;140447365.40394476;71098994.772277862;99127898.512371838;173824073.89365202;97859596.069345012;240611625.23309669;0.00012869396782635807;0.00010085561186361917;0.00011036313694269968;0.0001457110865711878;6.9988914306900056e-05;5.6103416399022469e-05;357098.07203229208;143770.072032292;499565.92796770763;856664;643336;1000434.0720322926;0.49970879463801343;0.67292803948758717;0.58315270393959351;0.77652413041973112;0.35678889526183988;0.14350231010014713;240611625.23309663;240611625.23309672;240611625.23309678;4.9602249391211827e-21;2.6698478497455548e-21;240611625.23309678;0.00053872033306759978;0.00043658442205067821;0.0003278653891658759;0.00058135431148205994;9.9096098980832741e-05;0.00017571218645592922;0.49788542231657201;0.50839299140568783;6.7080455348127695e-05;0.00012792882277172591;
374560;125440;500000;874560;625440;1000000;0.5;0.67605553498421256;0.57171606293450417;0.79943719621386544;0.37456;0.12544;374563.98302742239;125654.97864774599;499835.81504437572;874399.79807179805;625490.79369212105;1000054.7767195441;0.49983723992836149;0.67587305781362617;0.57166996799187086;0.79911888060725977;0.37451000750586316;0.12565275256577524;109588904.61247262;33058395.735492591;78756519.952742666;178120339.06943101;88326120.738063782;181349736.61431152;6.2271601385933172e-05;4.6076828244948066e-05;6.9133685149150594e-05;7.1745084595421487e-05;5.9231948538942557e-05;3.1310807955351599e-05;374706.00139711105;125586.00139711169;499853.99860288884;874560;625440;1000146.0013971131;0.49981515364181345;0.67585812487894725;0.57154912024662508;0.79920375831876478;0.37463707353750914;0.12554777282067731;22776347.628296703;22776347.628296684;22776347.628296699;4.472333961502706e-21;2.656295322589486e-21;22776347.628296688;5.1223885474293058e-05;4.1639817709380444e-05;2.9778640216971812e-05;5.8225439651950133e-05;8.9055614743781372e-06;1.7412824373948701e-05;374571.10624581482;125662.10186613769;499828.69182598352;874399.79807179829;625490.79369212105;1000061.8999379362;0.4998926845267595;0.67588799515875009;0.57168492832089324;0.79913329690556223;0.37448539689289689;0.12562191858034349;151904677.44486371;60399101.854839653;85854571.587997317;178120339.06943089;88326120.738063693;243908163.93079484;0.00011981117818614568;9.2251596218082861e-05;0.00010485091505669837;0.00013109648424147603;7.1122233872821663e-05;4.8251941312461391e-05;374621.89993793663;125501.89993793606;499938.10006206302;874560;625440;1000061.8999379362;0.50027298095493189;0.67597183939289751;0.57164528455687902;0.79933822598820581;0.37444617786103224;0.1252808411840369;243908163.93079481;243908163.93079475;243908163.93079478;5.380353280959316e-21;2.9002408113987243e-21;243908163.93079472;0.00054906035486757042;0.00044591396520880534;0.00031889456458126966;0.00062352666508859803;9.5457240272625151e-05;0.0001866451840090312;0.49716782259394221;0.50770560232475104;7.4536133361438774e-05;0.00012043555596448858;
390905;109095;500000;890905;609095;1000000;0.5;0.67875304193466457;0.56122706685898049;0.82089000894770114;0.390905;0.109095;390954.79385503818;109269.46475695983;499826.22076254594;890781.01461758441;609095.68551950553;1000050.4793745441;0.49983257374038559;0.67856997498950211;0.56114850908511127;0.8206096594372958;0.39089854903842053;0.10926887722119363;114382251.8396626;27724599.557360921;75757346.62611337;181851855.75116327;81823675.417740554;184616140.45067191;6.1266132135349557e-05;4.4295240526991196e-05;6.6475504977185518e-05;6.5431899574759753e-05;5.7776625059614504e-05;2.6530185359529085e-05;391041.16462820378;109231.16462820448;499863.83537179569;890905;609095;1000136.1646282049;0.49982660972396364;0.6785681976234692;0.5610742283091873;0.82066645658197224;0.39097540743345538;0.10919798284258155;20574180.17101774;20574180.171017714;20574180.171017691;4.933119884809045e-21;2.9137933385547931e-21;20574180.171017755;4.6280818320360941e-05;3.7914567646782413e-05;2.5921477128107871e-05;5.5456501677663969e-05;7.6311252225093115e-06;1.6326056829749947e-05;391036.75081652118;109351.42171844366;499744.26380106318;890781.01461758453;609095.68551950553;1000132.4363360282;0.49976878402631125;0.67847916748444692;0.56107592043060173;0.82049618298879357;0.39092283724675719;0.10930837872693144;153609763.78832862;51901933.289682068;84256933.018124074;181851855.75116307;81823675.417740658;239521399.73964867;0.00011512314567512495;8.7683949299381488e-05;9.8957935026950324e-05;0.00012286484143877302;6.8632554435753808e-05;4.2640124502037598e-05;391037.43633602816;109227.43633602773;499867.56366397161;890905;609095;1000132.4363360279;0.50016062841154674;0.67857325880278219;0.56107841314615159;0.82067257761756796;0.390839774691779;0.10899959689667374;239521399.73964876;239521399.73964888;239521399.73964897;5.231275482242559e-21;2.9002408113987243e-21;239521399.73964888;0.0005392964824996613;0.0004413954888017149;0.000301773797713202;0.00064561595145402884;8.8923211372932384e-05;0.00019024263919508518;0.49633029857503175;0.50690314963336258;7.8723974963908284e-05;0.00010754894338912278;
405657;94343;500000;905657;594343;1000000;0.5;0.68150579672260181;0.55208539215177488;0.84126506074774998;0.40565699999999999;0.094342999999999996;405285.11612962483;94192.276783775058;500008.98524515936;905294.10137478472;594201.26202893513;999486.37815855863;0.50029519669102274;0.68174162445983633;0.55235550116380117;0.84148488248856546;0.40545619830981461;0.094248604999163071;118625503.28091337;23160400.992640022;74804753.689480498;192347946.33917534;79810430.243785426;189142331.31031615;5.6953080427190124e-05;3.9905186254537081e-05;6.2773419455415134e-05;5.8676473208733603e-05;5.7359708472563843e-05;2.2965915716014979e-05;405493.7973702547;94179.797370254921;500163.20262974483;905657;594343;999836.79737025464;0.50027116984510278;0.68172824379902408;0.55226559572746148;0.84153965408820264;0.40554955473383408;0.094179275421062261;17568927.044417758;17568927.044417765;17568927.044417784;5.3939058081153848e-21;3.0222135558033437e-21;17568927.04441772;3.9569815180611124e-05;3.2639563272397614e-05;2.141991499431531e-05;4.9736009265003267e-05;6.2123484582152768e-06;1.4424773420306462e-05;405282.56246502936;94189.723119178801;500011.53890975489;905294.10137478472;594201.26202893513;999483.82449396269;0.50035073908327887;0.68176322922675237;0.55237464774243272;0.84150904823912731;0.40543312671435938;0.094216134202361759;152719379.89827192;44474512.419134542;82096054.99689281;192347946.33917567;79810430.243785396;237259018.04675704;0.00010384541891459032;7.8173100809339377e-05;8.9686634284552312e-05;0.00011283863328063502;6.598649772274594e-05;3.8142844286985222e-05;405140.82449396251;93826.824493962762;500516.17550603731;905657;594343;999483.82449396292;0.50113029177270607;0.682209349921582;0.55265533806511502;0.84213354158463571;0.40520914599795649;0.093660562229336886;237259018.04675692;237259018.04675701;237259018.04675698;5.9089018400459991e-21;2.9273458657108619e-21;237259018.04675695;0.00053460758452574756;0.00044077994699992702;0.00028926456267635312;0.00067165835966792522;8.3931870500776476e-05;0.00019488575421347553;0.49602032604684743;0.50660606982266765;7.8176666536937831e-05;0.00010085269277622597;
418828;81172;500000;918828;581172;1000000;0.5;0.68422754319321888;0.54417148802605053;0.86033050456663429;0.41882799999999998;0.081171999999999994;418460.71016608895;80955.917719498306;500016.39910374198;918477.1092698304;580972.3168232399;999433.02698932728;0.50033311142557235;0.6845058433444916;0.54443760437896849;0.86065776273732686;0.41865859817163142;0.081008290402796709;122860055.30930948;19900510.220923819;71732880.088274583;194752900.33795321;75133488.824608684;193603136.69105023;5.6625792609558777e-05;3.8785677822403148e-05;6.0735392898858088e-05;5.3693034960979182e-05;5.5786107546873416e-05;1.9661325059832862e-05;418618.34393951198;80962.343939512255;500209.65606048791;918828;581172;999790.34393951204;0.50033833586271992;0.68451444809558581;0.54439966572686871;0.86069125157524418;0.41869691244666102;0.080964751690619313;15891934.170007447;15891934.170007437;15891934.170007456;5.2041704279304214e-21;2.8866882842426555e-21;15891934.170007456;3.5800143060709481e-05;2.9760337610569702e-05;1.8823843994534345e-05;4.7050841207154713e-05;5.3741725824978919e-06;1.3432927986035872e-05;418424.05802661832;80919.265580027743;500053.05124321196;918477.1092698304;580972.3168232399;999396.37484985904;0.50043432084301231;0.68457101992716962;0.54449180743182957;0.86073598120940042;0.41861783607927505;0.080947843077712606;154890932.6352464;38043818.051834717;79669257.219990104;194752900.33795351;75133488.824608669;235840944.71618274;0.00010015132783616922;7.4166907152957591e-05;8.5693192445606672e-05;0.00010325406085760345;6.4130251924730152e-05;3.3152655013567498e-05;418224.37484985805;80568.374849857908;500603.62515014177;918828;581172;999396.37484985904;0.50125929835082939;0.68505357710020187;0.54482843921837609;0.86136913882661592;0.41834008737256834;0.080400614276603208;235840944.71618232;235840944.71618238;235840944.71618268;5.4752209710517977e-21;2.9815559743351372e-21;235840944.7161822;0.00053129343423183523;0.00044165210238509211;0.00027935134284909542;0.00069824822587855127;7.9755620045091833e-05;0.00019935189726441515;0.49525046634731451;0.5058685530740693;8.4547789444749862e-05;9.132316463586754e-05;
430475;69525;500000;930475;569525;1000000;0.5;0.68684897341432172;0.53735995056288455;0.87792458627803871;0.430475;0.069525000000000003;430110.18496774172;69381.673826881801;499971.99484306906;930082.17981081107;569353.66866995255;999463.8536376931;0.50027725350706331;0.68706857671611876;0.53760083788070767;0.87814303505141744;0.43029774728578629;0.069424999207151325;131342917.79006849;17505738.161760043;69870089.122812867;199111668.97677594;72312235.763100013;196843742.24124017;5.7864466159890894e-05;3.8476226915661353e-05;6.1721639716158424e-05;4.9801301386599799e-05;5.7702454972456774e-05;1.7410562958973242e-05;430325.87430945371;69375.874309453007;500149.12569054629;930475;569525;999850.87430945295;0.50024534263639786;0.68705382706924589;0.53752021891028412;0.87818642849839135;0.43038184749000397;0.069372809873598312;14426927.13344801;14426927.133448033;14426927.133448029;5.5294310796760723e-21;2.9680034471790684e-21;14426927.133448001;3.2503107552514865e-05;2.7224275848133041e-05;1.6663430723456237e-05;4.447830748394111e-05;4.685629575371578e-06;1.2506960689425069e-05;430018.02964869363;69289.518507834015;500064.15016211761;930082.17981081107;569353.66866995243;999371.69831864606;0.50045578046278882;0.68720836788058615;0.53771178629040017;0.8783191443061874;0.43022891383096035;0.069315305706250885;158847619.16916892;33694953.48926191;76791331.63111642;199111668.9767763;72312235.763099954;233616416.43953854;9.5927736025105614e-05;6.9695794218715482e-05;8.2566196599370568e-05;9.6263827837484526e-05;6.440842446457747e-05;3.0093149638954607e-05;429846.69831864524;68896.698318645373;500628.30168135453;930475;569525;999371.69831864617;0.50129324446980872;0.68771207014398728;0.53803519888374662;0.87902778926536074;0.42998397662888854;0.068722778901303377;233616416.43953863;233616416.43953872;233616416.43953872;6.071532165918825e-21;2.9137933385547931e-21;233616416.43953857;0.00052708700102990628;0.0004408449356520912;0.00026983230283162627;0.00072024088758330083;7.5984563532250374e-05;0.00020281926554674667;0.49447921063664019;0.50512983223788277;9.4129066468604187e-05;8.4714104584430284e-05;
440688;59312;500000;940688;559312;1000000;0.5;0.68931881662995675;0.53152586192233764;0.8939554309580342;0.44068800000000002;0.059311999999999997;440357.39614735264;59574.718554546722;499858.58263334766;940215.97878069978;559433.30118789512;999790.6973352452;0.50000209586557054;0.68923255058926147;0.53168725480280876;0.89351330689946784;0.4404052312874232;0.059592672847007748;136649635.03451869;16403780.312426498;69788739.199597552;203105543.99959639;71455660.492300063;199342465.98775235;5.8819908632020211e-05;3.8391151494672945e-05;6.1890437497177258e-05;4.8878380645323436e-05;5.8796222119196941e-05;1.6376775967044679e-05;440876.51470506511;59500.51470506542;499811.48529493465;940688;559312;1000188.5147050659;0.49973781905775122;0.68905892316312944;0.53132546104014755;0.89361838346921807;0.44078576063144842;0.059476420310801609;13737323.469554581;13737323.469554583;13737323.46955459;5.5429836068321411e-21;2.7511630126819677e-21;13737323.46955457;3.0865661740780746e-05;2.6109730160128723e-05;1.5524260323637524e-05;4.3913075072358789e-05;4.2914232389660545e-06;1.2139038313667387e-05;440349.7263474252;59567.048754618976;499866.25243327464;940215.97878069978;559433.30118789535;999783.02753531875;0.50005024819492694;0.68925556977349944;0.53170769007316698;0.89353865790413867;0.44038549261159116;0.059564259193481503;163507847.79828179;28775431.63447408;74894698.460217819;203105543.99959636;71455660.492300034;233466370.81294215;9.2075027002386399e-05;6.5214808463456814e-05;8.0735293130550559e-05;8.5892208930947084e-05;6.5440061244463369e-05;2.6085144318929703e-05;440471.0275353188;59095.027535319023;500216.97246468131;940688;559312;999783.02753531851;0.50067562500454743;0.68961794303514579;0.53175651487494313;0.8943433583843744;0.44043607655163786;0.058888298443815268;233466370.81294215;233466370.81294203;233466370.81294221;5.2854855908668343e-21;2.7376104855258989e-21;233466370.81294179;0.00052554335889351675;0.00044373592548069447;0.00026383543529040281;0.0007463044960032756;7.3069192631632787e-05;0.00020668894199254889;0.49367549961293783;0.50436005594640343;0.00010485161607351098;7.8505357315953377e-05;
449576;50424;500000;949576;550424;1000000;0.5;0.69160234718862668;0.52655079740852762;0.90839062250192582;0.44957599999999998;0.050423999999999997;449407.79007413192;50690.179413767954;499790.61627994815;949198.40635408077;550480.79569371638;999888.58576784888;0.49988549620731587;0.6914253312360038;0.52658527539932942;0.90792017033338634;0.44941282601833304;0.050701677774351285;139782057.31321174;13731516.197588414;68382492.781494662;205288793.72660163;69718828.415199354;200051439.32584426;5.753589763780775e-05;3.6345354614814332e-05;6.0749069072264331e-05;4.2626581413401461e-05;5.8752058046982181e-05;1.3816896505733958e-05;449796.01297752117;50644.012977522238;499779.98702247866;949576;550424;1000220.0129775222;0.49968754163296947;0.69129802420529418;0.52631910139101823;0.90799090705070595;0.44969065638947697;0.050621801977554358;11717626.057642637;11717626.057642635;11717626.057642628;6.2477150189477196e-21;2.995108501491206e-21;11717626.057642616;2.6319572512134421e-05;2.2418809297511223e-05;1.2995116440151507e-05;3.867629910304344e-05;3.5439781622968114e-06;1.0547651500539128e-05;449382.56756652932;50664.956906165004;499815.83878755214;949198.40635408077;550480.79569371638;999863.36326024716;0.49995526823614894;0.69147152041636173;0.52662260285957962;0.90797712268459041;0.44938578295354548;0.050658948810305665;163122211.25961864;24338981.783946723;72265539.21208328;205288793.72660166;69718828.415199384;230116012.4280206;8.5854968857640242e-05;5.9359652169107745e-05;7.6399845999692662e-05;7.5540442566310095e-05;6.4172170001533367e-05;2.2418911088383798e-05;449439.36326024582;50287.363260246071;500136.63673975423;949576;550424;999863.36326024705;0.50054979618904338;0.69179134376847928;0.52669468977707323;0.90863886156808826;0.4493742526549605;0.050075951155994988;230116012.42802045;230116012.42802045;230116012.42802045;5.9360068943581368e-21;2.8189256484623114e-21;230116012.42802015;0.00051709690238663805;0.00044027066349012714;0.00025520394331879646;0.00075954256274126948;6.9628035523930821e-05;0.00020722821071155167;0.49291599720200613;0.50363257933529426;0.0001139684008966252;7.1702539340789571e-05;
450000;450000;100000;550000;550000;1000000;0.10000000000000001;0.18181818181818182;0.18181818181818182;0.18181818181818182;0.45000000000000001;0.45000000000000001;450191.38441446028;450091.72399782273;100033.27500222277;550224.65941668279;550124.9990000464;1000316.3834145063;0.10001639015402666;0.18180976863228596;0.18180191015280744;0.18183770324736492;0.4500382276673256;0.44994538217864805;76998897.083013907;72596683.121515572;28710637.267215148;78228154.868488863;68774609.047211334;134389453.18253359;3.0319753561654119e-05;8.2792353570135561e-05;8.5491759728194253e-05;8.7469819324089882e-05;3.9971328621378794e-05;4.1830140632724857e-05;450012.79690607276;450012.79690607276;99987.203093926932;550000;550000;1000012.7969060738;0.10001349928997426;0.18179491471623133;0.18179491471623133;0.18179491471623133;0.44999325035501264;0.44999325035501264;25060806.84570761;25060806.84570761;25060806.845707543;1.7618285302889448e-21;1.7618285302889448e-21;25060806.845707614;3.0345682070584635e-05;8.2845642465148787e-05;8.2845642465148787e-05;8.2845642465148787e-05;7.5864205176461672e-06;7.5864205176461672e-06;450547.8577420059;450448.19732536928;99676.801674676448;550224.65941668279;550124.9990000464;1000672.8567420527;0.099726194847735372;0.1811872492099233;0.18117837900097547;0.18121611127295192;0.4501836482752008;0.45009015687706344;168045199.44855273;164883669.39699957;104782433.51290515;78228154.868488774;68774609.047211349;241650945.5778662;0.00012527070357308889;0.00034282455437697579;0.00034482818332641577;0.00034821518452857295;6.3299178357899337e-05;6.5936715862011501e-05;450672.85674205155;450672.85674205155;99327.143257948279;550000;550000;1000672.8567420528;0.099525074272235226;0.18059480592354266;0.18059480592354266;0.18059480592354266;0.45023746286388289;0.45023746286388289;241650945.57786641;241650945.57786641;241650945.57786632;3.1577388273640318e-21;3.1577388273640318e-21;241650945.57786649;0.00029128722574926926;0.00079884610108385567;0.00079884610108385567;0.00079884610108385567;7.2821806437317342e-05;7.2821806437317342e-05;0.1000134997612324;0.13376375168256241;3.0345682146055454e-05;0.0011659564988760942;
457262;42738;500000;957262;542738;1000000;0.5;0.69368048959770567;0.52232304217654102;0.92125482276899717;0.457262;0.042737999999999998;457013.20836164098;42932.955693500655;499840.92812231591;956854.13648395753;542773.88381581649;999787.09217745916;0.49999137588046061;0.69359851192063693;0.52242819062854995;0.92090434649973629;0.45706228100822016;0.042946343111319556;144487295.83265975;11303994.249885462;64292432.803696088;208091025.45753825;65402588.25453119;205870351.77119246;5.6809906265279324e-05;3.4987562201900074e-05;5.9134327397249787e-05;3.6397916548479376e-05;5.7166762737015354e-05;1.1311645190377021e-05;457418.60595998116;42894.605959980909;499843.39404001884;957262;542738;1000156.6059599821;0.49977999036873122;0.69346322059971965;0.52215944437366035;0.92096627477718429;0.45734160505817029;0.042878404573098231;9938328.6062270626;9938328.6062270515;9938328.6062270496;5.6920614055488981e-21;2.4394548880923849e-21;9938328.6062270515;2.2337367149116498e-05;1.91290015873392e-05;1.084555332135749e-05;3.3739053313936948e-05;2.9243538685006294e-06;9.0972703885808722e-06;456978.70022804855;42898.447559908251;499875.43625590822;956854.13648395787;542773.88381581649;999752.58404386498;0.50007362168411329;0.69365558574949693;0.52247396185019379;0.92097522970014578;0.45703065733946974;0.042895720976416897;167827691.45818353;21196139.982098393;69878880.862578854;208091025.45753816;65402588.25453116;233516445.07004642;8.5987040682173574e-05;5.8489261358958634e-05;7.5416381032029128e-05;6.875685978873026e-05;6.3034670063811342e-05;1.9611993105267576e-05;457018.71952785662;42494.719527856556;500243.28047214379;957262;542738;999756.71952785645;0.50071456512486767;0.69401800743175857;0.52257718416916499;0.92170306938549451;0.45700345223550687;0.042281982639626216;233151265.24228135;233151265.24228165;233151265.2422815;6.0173220572945497e-21;3.0493186101154813e-21;233151265.24228135;0.00052468297528165963;0.00044876267425040422;0.00025443458143884916;0.00079151165954528834;6.8690221110594333e-05;0.00021368601154103073;0.49246630821202064;0.5032018776816044;0.00011997548204602437;6.8234374085353796e-05;
463870;36130;500000;963870;536130;1000000;0.5;0.6955457766595291;0.51874215402492041;0.93260962826180216;0.46387;0.036130000000000002;463790.37613759382;36346.538211151761;499725.5526418658;963515.92877945944;536072.09085301764;999862.46699060965;0.49984281393363345;0.69534597234532514;0.51870174744177877;0.93220204535015871;0.46380100881839897;0.036356177247967122;154999635.51188135;9844457.3297680635;63241225.496491805;219394021.80176032;64149681.130662039;215844400.1432007;5.7848409000258058e-05;3.4563106100001947e-05;6.0416424097178415e-05;3.2679316255686342e-05;5.923011870361897e-05;9.8980329224546074e-06;464066.75826910575;36326.758269105594;499803.24173089425;963870;536130;1000196.7582691065;0.49971797744584739;0.69527206789333129;0.51853802040824515;0.93224263094938598;0.46397080050130546;0.036311222052847335;8751144.2523146458;8751144.2523146514;8751144.2523146532;6.3696877633523382e-21;2.8053731213062426e-21;8751144.2523146123;1.9654997672456115e-05;1.6934651743526753e-05;9.4195014257700891e-06;3.0445606058293954e-05;2.510907406200463e-06;8.1157265424780485e-06;463838.80905685958;36394.971130417733;499677.11972259905;963515.92877945944;536072.09085301764;999910.89990987524;0.4997967919367855;0.69528668610558642;0.51865950514123293;0.93211900268525616;0.46381614059537568;0.036387067467838034;174831263.95089903;19082448.827130053;68223434.445148692;219394021.80175993;64149681.130662031;239931811.13092297;8.3498921625152923e-05;5.5547235273878445e-05;7.4155131807773935e-05;6.3728254073174768e-05;6.3928625594830376e-05;1.7935759253369648e-05;463822.49808990001;36082.498089899884;500047.50191010005;963870;536130;999952.49808989838;0.50042565044322773;0.6956118561654363;0.51879143651125204;0.93269822973924066;0.46371786401858078;0.035856485538190583;236578616.91724652;236578616.91724652;236578616.91724652;5.7056139327049669e-21;3.0493186101154813e-21;236578616.91724634;0.00053122404325643994;0.00045781172975169893;0.00025464699873611375;0.00082306715154117211;6.7863370263002927e-05;0.00021934721843800919;0.49194608239403348;0.5027036777475804;0.00012837087912337619;6.5552389444753679e-05;
469525;30475;500000;969525;530475;1000000;0.5;0.69720105803270327;0.51571645909079189;0.94255148687497059;0.46952500000000003;0.030474999999999999;469078.69407298812;30488.185877374464;500017.83816650166;969096.53223949007;530506.0240438761;999584.71811686456;0.50027421112454729;0.69737640541417845;0.51601685417478138;0.94253330134857238;0.46922007155948281;0.03050571731596996;157871141.95487911;8474293.7382604294;63293661.043524995;223804473.78007653;64001074.873047084;218908489.72611451;5.7395006640543545e-05;3.3373213469547222e-05;5.9905139183713217e-05;2.8983181504577156e-05;5.942488024347222e-05;8.5772242193987794e-06;469507.97799773025;30457.977997730377;500017.02200226951;969525;530475;999982.97799773025;0.50003695445493046;0.69722479354868794;0.51573401614426617;0.94258357510206781;0.46951193105701411;0.030451114488055937;7616432.7119379146;7616432.7119379062;7616432.711937909;6.0850846930748938e-21;2.9137933385547931e-21;7616432.7119378988;1.7127788284047901e-05;1.4809066248565505e-05;8.1027713758879893e-06;2.7065855986880619e-05;2.1421437488210295e-06;7.1554473795618422e-06;469092.15627525776;30501.648079643957;500004.37596423243;969096.53223949007;530506.02404387621;999598.18031913333;0.50027481397788565;0.69736483963676632;0.51600988191439923;0.94251478552265067;0.4692187989246287;0.030506387097484888;173527943.72700274;14962443.401903016;65983818.475382447;223804473.78007641;64001074.873047084;238363283.73002315;7.5966021590689385e-05;4.8540811168697966e-05;6.985954466823606e-05;5.1257426965662493e-05;6.2887297762942622e-05;1.4274613731964183e-05;469233.42023048346;30183.420230483527;500291.57976951671;969525;530475;999708.42023048282;0.5007830671953063;0.69760763748031829;0.51601720406334717;0.94310114476557072;0.4692480682863801;0.029968864518313505;230868460.84162322;230868460.84162298;230868460.84162319;5.6514038240806916e-21;2.9273458657108619e-21;230868460.84162295;0.00051795434052679214;0.00044889076823972072;0.00024561030430568189;0.00082041721490666835;6.4779680501279781e-05;0.00021638491597347149;0.49173025413924693;0.50249702323673096;0.00013271247885923124;6.5228234776314268e-05;
474343;25657;500000;974343;525657;1000000;0.5;0.69865511597736762;0.51316630796341745;0.95119060528062982;0.47434300000000001;0.025656999999999999;473945.40202620241;25709.824712994458;499999.36630101717;973944.76832721999;525709.19101401127;999654.59304021462;0.50022270378393507;0.69877946428597493;0.51343030317256333;0.95109667997727787;0.47405441698122031;0.025722879234844665;161051678.33197406;7111059.9201911809;62721605.768771432;224885218.22251707;62663638.880173787;220754904.92510793;5.827149775805887e-05;3.3306240800179346e-05;6.0149489905713344e-05;2.5023999522945064e-05;5.946142086327921e-05;7.1964592542073615e-06;474369.68781030836;25683.687810307889;499973.31218969176;974343;525657;1000026.687810308;0.49996979437200967;0.69861782482695722;0.51313891739325046;0.95113983489174825;0.47435358519986232;0.025676620428128533;6554410.576057178;6554410.5760571752;6554410.5760571789;6.3696877633523382e-21;3.0357660829594125e-21;6554410.5760571882;1.4731154349886561e-05;1.2797328585718957e-05;6.904145000665332e-06;2.3720767584556459e-05;1.8090858058683526e-06;6.2155276196238054e-06;473975.46493622207;25739.887623013863;499969.30339099752;973944.76832722011;525709.19101401139;999684.6559502359;0.50019587179049008;0.69874410631088246;0.51340586325517579;0.95104571459671849;0.47406279494950399;0.025741333260005998;175043916.63417321;12317956.053100627;64550194.859710433;224885218.22251734;62663638.88017378;238125450.26927784;7.3961959696590215e-05;4.6051455988406054e-05;6.8616906663922795e-05;4.3248633508389827e-05;6.247947249717654e-05;1.1812283654667903e-05;474264.73690993723;25578.736909937801;500078.26309006277;974343;525657;999921.73690994014;0.50045164382275054;0.69876447379389761;0.51324663192537212;0.95133949151264574;0.47418472684204205;0.02536362933520675;223688749.56764847;223688749.56764856;223688749.56764871;5.1228552649940085e-21;2.5749801596530731e-21;223688749.56764847;0.00049973343478621759;0.00043674688912573637;0.00023562447669575002;0.00080954172434008541;6.1370659903278225e-05;0.00021085292385027106;0.49126837708839355;0.50205473444659166;0.00014095368512973458;6.3565993564200401e-05;
478435;21565;500000;978435;521565;1000000;0.5;0.69992224172673156;0.5110201495244957;0.95865328386682391;0.478435;0.021565000000000001;478141.20234052744;21588.593892562953;499946.44422263734;978087.64656316361;521535.03811520047;999676.24045572744;0.50015877948866294;0.70000883498129307;0.51120202517552793;0.95860768433359189;0.47824118585745201;0.021600034653884968;163134490.01219204;5913587.7613724247;62427629.511345394;226046120.62600878;62755274.528964221;220699742.14692435;5.7786029125439899e-05;3.2118382237458272e-05;6.0057038257601105e-05;2.1187604441718542e-05;6.0137783861443735e-05;6.0125755641608386e-06;478443.22694554785;21573.226945548009;499991.77305445209;978435;521565;1000008.2269455495;0.49999584610520581;0.69991072528239218;0.5110117412546078;0.95863751029009059;0.47843644435075883;0.021567709544035221;5460468.256846319;5460468.2568463311;5460468.2568463376;6.7898161051904715e-21;2.6190258729102967e-21;5460468.256846319;1.2273726528192887e-05;1.0700140174618236e-05;5.7038215212811768e-06;2.0073033374081079e-05;1.4839210807282172e-06;5.2222527066852108e-06;478179.81877608894;21627.210328125231;499907.82778707478;978087.64656316361;521535.03811520035;999714.85689128877;0.50011512153998539;0.69996024281571823;0.51116730956364542;0.9585397028770235;0.47825585537063064;0.021629023089384684;173502061.0577395;10454975.460136058;63700164.126439281;226046120.62600872;62755274.528964087;234336166.27614182;6.9896775085120295e-05;4.2213565658285082e-05;6.6227465113597676e-05;3.7369198397257093e-05;6.2140781592487113e-05;1.0160373319984339e-05;478633.54993996245;21763.549939961991;499801.45006003743;978435;521565;1000198.5499399612;0.5000127920223868;0.69964430268858591;0.51081722348448233;0.95827260276291104;0.47843055208589613;0.021556655891718058;208301948.4174484;208301948.41744846;208301948.41744846;5.9495594215142056e-21;2.1379111588698541e-21;208301948.41744846;0.00046341785148433853;0.00040818111961702974;0.00021758521072228219;0.00076573139258288023;5.6028258200457007e-05;0.00019717606740555658;0.49089749562369378;0.50169953430013248;0.0001464238581716478;6.1179515334425555e-05;
481899;18101;500000;981899;518101;1000000;0.5;0.7010183401700073;0.50921734312795919;0.96506279663617711;0.48189900000000002;0.018100999999999999;481718.73209545162;18162.040500775871;499956.90624797577;981675.63834342617;518118.94674875122;999837.67884420231;0.50009108265860969;0.70104303059075468;0.50934536836943389;0.96494593822322217;0.48174054266757049;0.018168374673820004;166084650.47723144;4969687.2782996912;62098046.444227338;226614984.88991371;61248634.346568488;222906146.77698183;5.9484415359178992e-05;3.2862965648098916e-05;6.0683749105857296e-05;1.8253160684230939e-05;6.0010904341087668e-05;5.0293384770118906e-06;481948.17487963225;18150.17487963233;499950.82512036775;981899;518101;1000049.1748796321;0.4999333337711348;0.70094939518501143;0.50916726172484872;0.96496788294245162;0.48192202655989463;0.018144639668970831;4734160.6756529948;4734160.6756529985;4734160.6756530171;6.2341624917916508e-21;2.4563955470374709e-21;4734160.6756529873;1.0636562148989677e-05;9.305972083423469e-06;4.9103150552080977e-06;1.7636570249317061e-05;1.2689591012827045e-06;4.5577699356674413e-06;481759.59962483769;18202.90803016234;499916.03871858859;981675.63834342617;518118.94674875122;999878.54637358803;0.50004158918094088;0.7009907104637092;0.50930776170070435;0.96487316122301103;0.48175736764611693;0.018201043172941501;174368602.72145367;8769122.5517214667;62643552.239324145;226614984.88991371;61248634.346568473;234444028.49952948;6.8946189989669844e-05;4.0877150962846223e-05;6.5332399377342616e-05;3.1967357096684573e-05;6.1427586395216245e-05;8.5467447479887387e-06;482553.07053944771;18755.070539447253;499345.92946055229;981899;518101;1000654.0705394461;0.49931259023257757;0.70010130928217251;0.50855121500332856;0.96380035834818478;0.48213643179193982;0.018550977975481872;197411171.68420997;197411171.68420979;197411171.68420997;6.5458706163812328e-21;2.4326786245143505e-21;197411171.68421;0.00043713228222518838;0.00038805249304213073;0.00020475668546115323;0.0007354325794885091;5.2150589657093925e-05;0.00018731130847807971;0.49056099903981137;0.50137737080057709;0.00015392129815984152;6.1337880088495203e-05;
484824;15176;500000;984824;515176;1000000;0.5;0.70196083366920103;0.50770493001795247;0.9705421059987267;0.48482399999999998;0.015176;484421.52872064651;15103.748029188106;500018.73168578459;984440.26040643116;515122.4797149729;999544.00843562151;0.50030097719006428;0.70218018877602706;0.50797909224602744;0.97068130053664503;0.48458557473691655;0.015113448073018515;166103602.38424632;4111306.6346095609;58441618.639397681;227911809.45404041;58861097.840759911;225037891.7623615;5.6539460553877054e-05;3.0560851828690489e-05;5.7994483543787768e-05;1.5141936675012473e-05;5.801049501138893e-05;4.1424507542293524e-06;484741.17960643832;15093.179606438123;500082.82039356156;984824;515176;999917.17960643617;0.50013004076143119;0.70207710701422033;0.50778902666218706;0.97070286735710098;0.48477933741379181;0.0150906218247761;3872735.921437989;3872735.9214379829;3872735.9214379857;6.5594231435373016e-21;2.524158182817815e-21;3872735.9214379871;8.7169515588289644e-06;7.6331471961880196e-06;3.9930121929840972e-06;1.4591725069371781e-05;1.0282373138601275e-06;3.7575032243273972e-06;484390.51692454616;15072.73623308793;500049.74348188512;984440.26040643128;515122.47971497284;999512.99663951807;0.50035807032910806;0.70222562060362081;0.50801320085011448;0.9707417431994404;0.48456512463500773;0.015076805035883723;174717175.44611001;7807236.4796637455;62037198.357661746;227911809.45404041;58861097.840759791;233751814.95101556;6.8533225579799851e-05;4.0269263685338697e-05;6.4369819509023989e-05;2.9062237254493592e-05;6.0310024578086911e-05;7.6458108849086434e-06;485567.77417746314;15919.774177463481;499256.22582253697;984824;515176;1000743.7741774623;0.49915241007291561;0.70091663298585138;0.50694969438451476;0.96909837768556217;0.48511510532551744;0.015732484601567082;180593616.20275474;180593616.20275459;180593616.20275462;4.7569370317801504e-21;2.4936649967166602e-21;180593616.20275468;0.00039807739030569563;0.00035594930383367403;0.00018620234534476841;0.00068044205708086864;4.6956556286217193e-05;0.00017159405642107602;0.49046598915640666;0.50128626755603589;0.00015267074748904902;5.8293811942928926e-05;
487289;12711;500000;987289;512711;1000000;0.5;0.70276728736213478;0.50643732483599024;0.97520825572300962;0.48728900000000003;0.012711;486902.61280397547;12664.879371385548;500035.09877015249;986937.71157412638;512699.9781415363;999602.59094551275;0.5002890562006741;0.70296945891683538;0.50671124364173548;0.97529960252065617;0.48703836456047289;0.012672579238852302;168871674.75204882;3519132.6457085931;58419611.880093738;230120866.84171349;58826950.64794226;227065291.12885797;5.7028375393621506e-05;3.039563945282023e-05;5.8424457034968778e-05;1.3136032995191212e-05;5.8633017445293446e-05;3.5543311909624838e-06;487231.75990595447;12653.759905953142;500057.2400940457;987289;512711;999942.75990595203;0.50009086080145471;0.70284774029337838;0.50649530187619562;0.9753198977475549;0.48725794311175058;0.012651196086794818;3333820.0187605633;3333820.0187605736;3333820.0187605722;5.9089018400459991e-21;2.4936649967166602e-21;3333820.0187605605;7.5009589863445035e-06;6.5860529295676147e-06;3.4202161510677645e-06;1.2682266639061572e-05;8.7635393893867299e-07;3.2495473481529426e-06;486885.5895990039;12647.856166413645;500052.12197512336;986937.7115741265;512699.9781415363;999585.56774053979;0.50032380499755535;0.70299573978015106;0.50673109025554985;0.97533433548904491;0.48702587592811392;0.01265031907433063;176149419.31616455;6542192.5944559705;60664400.144657239;230120866.84171361;58826950.647942267;235121307.37715763;6.6462186047919775e-05;3.8098194331091339e-05;6.3363295551994157e-05;2.4561604824600553e-05;6.0374643407837339e-05;6.4281140524616898e-06;488571.19316610607;13993.193166105733;498717.80683389393;987289;512711;1001282.1931661057;0.49832693973639375;0.70096512053569748;0.50513862388205688;0.97270744500097306;0.4878608642672112;0.013812195996395485;169041490.21651912;169041490.21651906;169041490.21651912;5.1093027378379397e-21;1.9176825925837358e-21;169041490.21651921;0.00037053502284578729;0.00033394610254721915;0.00017342220989303663;0.00064305488596448808;4.3290441579108776e-05;0.00016052228829384666;0.49024788858990581;0.50107746517554941;0.00015772664532317542;5.8576723959946363e-05;
489362;10638;500000;989362;510638;1000000;0.5;0.70345419888274752;0.5053761919297487;0.97916723784755544;0.48936200000000002;0.010638;489084.81357744022;10620.682863659975;500007.38756788883;989092.20114532986;510628.07043154986;999712.8840089892;0.50020787086899454;0.70358829890188268;0.5055800792940951;0.97920241263308427;0.48916693900243147;0.010625190128574059;169615151.21952575;2928419.9440642307;57298612.402707517;228704677.98914748;57653316.596734427;227720959.13956484;5.7429861782666782e-05;3.047890236038436e-05;5.8232754487591369e-05;1.1036991564487374e-05;5.802995957729565e-05;2.9337562600485468e-06;489336.79275191424;10612.792751914356;500025.20724808576;989362;510638;999974.79275191354;0.50004202710368695;0.70348966317176442;0.50540167021584137;0.97921660207051908;0.48934769290921876;0.010610279987094878;2811114.1764886547;2811114.1764886575;2811114.1764886528;5.4210108624275225e-21;2.2395551125403702e-21;2811114.176488657;6.3237378885308579e-06;5.5642947747467656e-06;2.8718915373615824e-06;1.0780830660728373e-05;7.3285423756212274e-07;2.751070968861493e-06;489082.56199438096;10618.431280600937;500009.63915094803;989092.20114532986;510628.07043154998;999710.63242593128;0.50021970796038506;0.70359293781649457;0.50558474121147567;0.97920630291490862;0.48916201800596587;0.010618274033648909;176969396.87895414;5352430.2830435662;60018375.298760697;228704677.98914787;57653316.596734472;234779452.24191988;6.6841485511154344e-05;3.7903602971038367e-05;6.342494373802407e-05;2.03732056287041e-05;6.0041618331115669e-05;5.2581396230823282e-06;491251.4460769025;12527.446076902732;498110.5539230975;989362;510638;1001889.4460769037;0.49739987104646344;0.70079592133003221;0.50346642980334722;0.97546707045518954;0.49024714976571632;0.012352979187820161;158470493.4224087;158470493.42240876;158470493.42240867;4.5129915429709125e-21;1.7042302898756523e-21;158470493.42240861;0.00034574409960686625;0.00031367510643173861;0.00016189668594315446;0.00060774605620717427;4.006807887602987e-05;0.00015041207776949402;0.49000060193497119;0.50084068474718024;0.00016258942796887064;5.8099760120253416e-05;
490909;409091;100000;590909;509091;1000000;0.10000000000000001;0.18232322238225052;0.16923079526627618;0.19642853635204707;0.49090899999999998;0.40909099999999998;491071.40504173335;409120.63967528386;99994.127748247833;591065.53278998134;509114.76742353127;1000186.1724652648;0.099987624314016255;0.18226979508516722;0.16917223630644146;0.1964029521612824;0.49096606678663723;0.4090463088993469;87412990.220943496;63464633.969395012;28410162.194699977;93251694.876707703;61964201.033250637;142531688.77677464;2.9376847887959311e-05;8.0755183377454398e-05;7.2477447982047106e-05;9.8348577230059975e-05;3.9275724768737416e-05;4.1112549243271214e-05;490944.40330603201;409126.40330603183;99964.596693968124;590909;509091;1000035.403306033;0.099987791257340128;0.18225867393386341;0.1691708819699278;0.19635899415618846;0.49091465032819021;0.40909755841446993;24311497.603965923;24311497.603965949;24311497.603965938;3.2526065174565132e-21;2.0396553369883551e-21;24311497.603965912;2.9402032354204216e-05;8.0815690586424042e-05;6.9625848880848411e-05;9.3803895391458931e-05;6.2977123415793702e-06;8.4846355080850808e-06;491281.38793038676;409330.62256393605;99784.144859594991;591065.53278998134;509114.76742353127;1000396.1553539174;0.099856853291840644;0.18190095451813318;0.16882495339027148;0.19601128526595235;0.49102822409083302;0.40911492261732679;175684964.7127111;157009737.49947327;111090016.82867534;93251694.876707599;61964201.033250675;241668912.16464484;0.00013029915796437577;0.00035981893382400009;0.00031081420491151481;0.00042518537828306759;5.9185632439497362e-05;7.2224974960452789e-05;491305.15535391716;409487.15535391687;99603.844646082624;590909;509091;1000396.1553539174;0.099829431880233396;0.18160093917534886;0.16856037841035229;0.19565037418866685;0.49098794063150902;0.40918262748825729;241668912.16464478;241668912.16464484;241668912.16464478;3.3745792618611325e-21;1.5856456772600503e-21;241668912.16464481;0.00029122924361164583;0.00080334993540955751;0.00069211709750162343;0.0009324594364915629;6.2379293364039502e-05;8.4040924503873781e-05;0.099670569163603645;0.13344650737663372;2.9541607207041159e-05;0.0011438509856660083;
491104;8896;500000;991104;508896;1000000;0.5;0.70403762829015859;0.50448792457703728;0.98251902156825754;0.49110399999999998;0.0088959999999999994;490819.66727217211;8885.3121791767389;500029.92664085538;990849.5939130265;508915.23882003193;999734.90609220346;0.50022039058969381;0.70417805062053862;0.50470683546862583;0.98254170052555234;0.49089070767975762;0.0088889017305485082;171550443.02272558;2472375.8277139543;57244036.204516269;230519802.10470784;57312823.707905993;229683134.94394743;5.7885024566200391e-05;3.0479805934584217e-05;5.8434983238466154e-05;9.4102038295094229e-06;5.8162744804611076e-05;2.4771238752667174e-06;491086.24342103594;8878.243421036228;500017.75657896401;991104;508896;999982.24342103628;0.50003021761968369;0.70406263088964038;0.50450584053637515;0.98255391392143709;0.49109374824947566;0.0088760341308406869;2388850.8642657744;2388850.8642657711;2388850.8642657604;6.3019251275719949e-21;2.4835006013496085e-21;2388850.8642657851;5.3733768753663351e-06;4.7363171046245158e-06;2.4319272541277194e-06;9.2242478377935398e-06;6.1847600987052264e-07;2.3458662207482868e-06;490809.63790627598;8875.282813281623;500039.95600675;990849.5939130265;508915.23882003193;999724.87672630826;0.50024227537052612;0.7041936437047045;0.50471901571966082;0.98256151239664358;0.49088260592141053;0.0088751187080627503;177406696.82863039;4344372.8909525424;59090673.629427016;230519802.10470769;57312823.707905948;235564748.38818043;6.5094638686330261e-05;3.6173722320869087e-05;6.2392645900842097e-05;1.6651327390976434e-05;5.9693665778683411e-05;4.2771440379753013e-06;493486.79205222812;11278.792052228671;497617.20794777194;991104;508896;1002382.7920522288;0.49664672893662082;0.70068247775984061;0.50208374494278529;0.97783674453674518;0.49224164415404481;0.011111626909334671;149866281.24413654;149866281.24413663;149866281.24413669;8.2263839837337647e-21;2.6495190590114516e-21;149866281.24413642;0.00032573052866466384;0.00029713626827066196;0.00015256870961863282;0.00057868983845053726;3.7491603945573664e-05;0.00014220484845645941;0.48985794959474788;0.50070413388110513;0.00016637246728136302;5.8721435690032428e-05;
492564;7436;500000;992564;507436;1000000;0.5;0.70453099989107837;0.50374585417162021;0.98534593525094794;0.492564;0.0074359999999999999;492147.21013714885;7384.4847847292285;499938.16710971203;992085.37724686135;507322.65189444245;999469.86203159078;0.50025815646264049;0.70471233112628107;0.50398374526929113;0.9854462657563926;0.49235147800711582;0.0073903655302442178;168708776.65029731;2025425.7076968786;57469339.423660927;225603394.13470486;58205023.699937262;222990268.87057605;5.6679090438654081e-05;2.9238634111592689e-05;5.7970437085712956e-05;7.7357960827689311e-06;5.8552106903732297e-05;2.0461723923042388e-06;492506.5708612717;7378.5708612717208;500057.42913872824;992564;507436;999942.5708612696;0.5000890413283029;0.70461192110814064;0.50380371355270614;0.98545911038776823;0.49253387814968774;0.0073770805220095791;1931899.6085541437;1931899.6085541463;1931899.6085541439;6.9524464310632973e-21;2.4225142291472989e-21;1931899.6085541446;4.3461111958394722e-06;3.8357011267822023e-06;1.960954494591632e-06;7.5027764155547668e-06;4.9737146493414057e-07;1.9029849530776187e-06;492130.74097687885;7368.0156244592035;499954.63626998238;992085.37724686123;507322.65189444233;999453.39287132095;0.50028659203962322;0.70473605851589927;0.50400094996709599;0.98547898652464061;0.4923416972118983;0.0073717107484785023;171503806.70773724;3753239.0791444676;59061473.6014935;225603394.13470507;58205023.699937254;225920978.12163082;6.1275381342236162e-05;3.3140955977145777e-05;6.0211627015523287e-05;1.4454100968524663e-05;5.9245618942000699e-05;3.7373364094330554e-06;495082.50691912207;9954.5069191217717;497481.49308087811;992564;507436;1002518.5069191221;0.4964200310696123;0.70098226749515347;0.50120847933319768;0.98038273413963195;0.49377507007610838;0.0098048988542789837;134365989.46126011;134365989.46126005;134365989.46125993;4.1064157282888479e-21;1.4399560103323105e-21;134365989.46126026;0.00029121588612706956;0.00026677772224586717;0.00013638679245424511;0.00052182731044555163;3.3326913502298849e-05;0.00012751156710566721;0.4897868463986631;0.50063604060772082;0.00016750741601333772;5.8343647090465026e-05;
493788;6212;500000;993788;506212;1000000;0.5;0.70494772304326081;0.50312541507846742;0.98772846159316652;0.493788;0.0062119999999999996;493340.98065317987;6152.9209138296301;499941.92585898546;993282.90651216498;506094.8467728151;999435.82742599514;0.50027960343341349;0.70514680442167543;0.5033803470056345;0.98784436587737423;0.49356232888316848;0.0061580676834181274;169729338.3963739;1689302.075093921;57232966.335214302;226581421.44926074;58002856.153621688;224359437.04370162;5.6797160245258305e-05;2.9106797005499916e-05;5.7963331541883879e-05;6.4946263743804345e-06;5.8531583396869502e-05;1.7030535154477582e-06;493723.60084273876;6147.6008427385232;500064.39915726124;993788;506212;999935.60084273783;0.50009903105658182;0.70503851912181492;0.50319021678392273;0.98785567935422691;0.49375457952719148;0.006146389416227937;1621636.1083264027;1621636.1083264095;1621636.1083264144;5.7191664598610357e-21;2.2937652211646455e-21;1621636.108326399;3.6482986320759915e-06;3.2234966381988363e-06;1.6419726140946721e-06;6.3283214879978062e-06;4.1550163249469675e-07;1.6013835350500905e-06;493324.69145578396;6136.6317164332268;499958.21505638189;993282.90651216498;506094.84677281504;999419.53822859854;0.50030746362945977;0.70517013432437203;0.50339738382144161;0.98787630450575892;0.4935526658335242;0.0061398705370153813;172521140.05410451;3081137.3050865666;58746370.407463007;226581421.44926089;58002856.153621696;227029669.85917598;6.10874205055333e-05;3.2637955134848193e-05;6.0161230221927177e-05;1.1939190719275151e-05;5.9291702023653733e-05;3.0650350114197683e-06;496708.4725131407;9132.4725131408177;497079.5274868593;993788;506212;1002920.4725131408;0.49580909967815068;0.70083016214656013;0.5001866871876679;0.98195919394810705;0.4952023226891501;0.0089885776326987972;129122230.63780583;129122230.63780573;129122230.63780579;2.3052848692473039e-20;6.2849844686269085e-21;129122230.63780545;0.00027906583522688017;0.0002566698374811471;0.00013074151808132773;0.00050389047365671975;3.178257094712738e-05;0.00012249310673151384;0.48971780991955055;0.50056994620716289;0.00016908082220514658;5.840710807319684e-05;
494813;5187;500000;994813;505187;1000000;0.5;0.70529888168465826;0.50260702262636292;0.98973251489052572;0.494813;0.0051869999999999998;494344.30051739933;5152.5299099656122;499954.50502799451;994298.80554539303;505107.03493796004;999451.33545535954;0.50028459343782483;0.70549278206307775;0.50287883077486251;0.98980028566031464;0.49455821908138276;0.0051571874807928506;170530916.28648174;1461736.0214652224;57343626.2000257;226577856.58128333;57643398.378678031;223811392.96699828;5.7201758733269806e-05;2.9188777016111998e-05;5.8218207277945029e-05;5.6748191093370268e-06;5.8760625795725989e-05;1.4787029116552435e-06;494773.27242915268;5147.272429152591;500039.7275708472;994813;505187;999960.27242915216;0.50006171208950889;0.70535492130723965;0.50264695733856246;0.98981115422773458;0.49479221590309136;0.0051460720073996892;1414070.4125018052;1414070.4125018062;1414070.4125018036;6.3967928176644758e-21;2.4563955470374709e-21;1414070.4125018041;3.1805553119411568e-06;2.8136975805456785e-06;1.4288549100415153e-06;5.5407263670589126e-06;3.6076530716906814e-07;1.3989536906120688e-06;494334.60482169874;5142.8342142645442;499964.20072369487;994298.80554539303;505107.03493796004;999441.63975965907;0.50030186118841724;0.70550704437295675;0.50288903409119157;0.98982021977903056;0.4945523775993978;0.0051457612121842532;172407245.81142178;2804759.8130016783;58306989.637894653;226577856.58128363;57643398.378678061;226067382.84560615;6.031905383455799e-05;3.1929328864250934e-05;5.9647552064596484e-05;1.0917131191810803e-05;5.9139183183551672e-05;2.7987146445580517e-06;498134.59549465164;8508.5954946518559;496678.40450534842;994813;505187;1003321.5954946519;0.49520061997244413;0.70061344650908708;0.49926810818249145;0.98315753276578322;0.49642938959865329;0.0083699904289031464;124630199.20563623;124630199.20563629;124630199.20563641;3.6456298049825089e-21;1.3891340334970525e-21;124630199.20563622;0.00026878637033599724;0.0002479874317909046;0.00012593324243264964;0.00048833624179206035;3.048800852261907e-05;0.00011822453876404043;0.48960350816934672;0.50046050799536079;0.00017150399364027267;5.8348905268540615e-05;
495000;495000;10000;505000;505000;1000000;0.01;0.019801980198019802;0.019801980198019802;0.019801980198019802;0.495;0.495;495089.81158745888;495337.37063868449;9955.4827133233412;505045.2943007822;505292.85335200728;1000382.6649394678;0.0099618429651401712;0.019704212349101909;0.019708340276396043;0.019702528013812684;0.49489632510354958;0.49514183193130978;69382644.778984249;72473437.319680974;12265060.043821331;61479582.692509964;62569060.702481844;127325269.37977213;1.2464269536413577e-05;4.7854328461059681e-05;4.7864636907902227e-05;4.7963136814898205e-05;3.4171240321017395e-05;3.5155557923305813e-05;495055.49665081;495055.49665081;9944.5033491898703;505000;505000;1000055.4966508106;0.0099562776573151636;0.019692085839979924;0.019692085839979924;0.019692085839979924;0.49502186117134206;0.49502186117134206;12199634.09828664;12199634.09828664;12199634.09828664;2.104029840979682e-21;2.104029840979682e-21;12199634.098286642;1.246076746925399e-05;4.7837012443041392e-05;4.7837012443041392e-05;4.7837012443041392e-05;3.1151918673135018e-06;3.1151918673135018e-06;494052.9891924992;494300.54824372515;10992.305108282511;505045.2943007822;505292.85335200728;999345.84254450724;0.011074595108418921;0.021747848970650172;0.021758442229895317;0.021740045860807203;0.49433836800079672;0.4945870368907847;136897630.91760054;133620628.16853389;81690506.894418925;61479582.692509964;62569060.702481881;186561999.51664355;8.4341380566913538e-05;0.00031897203178702868;0.00031896933875115739;0.00031929348723444128;5.3810637526945286e-05;5.1648823795873115e-05;493068.41741759406;493068.41741759406;11931.582582406108;505000;505000;998068.41741759353;0.012091720240666608;0.023626896202784388;0.023626896202784388;0.023626896202784388;0.49395413987966658;0.49395413987966658;137409929.75739196;137409929.75739196;137409929.75739199;1.3315357930837602e-21;1.3315357930837602e-21;137409929.75739181;0.00014435440905868273;0.00053880964516181613;0.00053880964516181613;0.00053880964516181613;3.6088602264670641e-05;3.6088602264670641e-05;0.0099562775397632995;0.050796584760465398;1.24607648716809e-05;0.0016748755684864846;
495670;4330;500000;995670;504330;1000000;0.5;0.70559402088643219;0.50217441521789352;0.99141435171415537;0.49567;0.0043299999999999996;495310.70766628796;4295.6823342337484;499960.37855204934;995271.08621833543;504256.06088628271;999566.76855256804;0.50023369315942134;0.70575156524578098;0.50239415209175087;0.99148241152112138;0.49546734052716912;0.0042989663134096485;171931147.73246264;1224920.5110091572;57188842.603663385;226962836.7825537;57588637.37283726;224858814.51608026;5.7735258769596851e-05;2.9356989268657072e-05;5.8603949831207076e-05;4.7770135377484854e-06;5.9075802018920487e-05;1.2352821467258656e-06;495631.46045519423;4291.460455194494;500038.53954480565;995670;504330;999961.46045519435;0.50005959723214111;0.70564840743119761;0.50221312236464544;0.99149076902981237;0.49564996221860963;0.0042904405492490243;1192148.2121522538;1192148.2121522585;1192148.2121522566;5.8140341499535174e-21;2.1548518178149401e-21;1192148.2121522508;2.6814214597191863e-06;2.3741055709183238e-06;1.2025396593060293e-06;4.6870614355605431e-06;3.0311830824586172e-07;1.1814447215914788e-06;495289.93367085967;4274.9083388061827;499981.15254747646;995271.08621833543;504256.06088628271;999545.99455714447;0.50026691900672848;0.70578135667220054;0.50241536428257672;0.99152425641216124;0.49545616111100338;0.0042769198822672173;173315510.72349548;2253793.6453342815;57882376.12396998;226962836.78255385;57588637.372837283;226578517.12113211;6.0072739553018682e-05;3.1415682759992454e-05;5.9661813213326543e-05;8.8094005032276432e-06;5.9352111523333459e-05;2.2474150464386301e-06;499439.51945991087;8099.5194599110864;496230.48054008902;995670;504330;1003769.5194599127;0.49452504910406819;0.70027452010137703;0.49838850275702751;0.98394004033091209;0.49751078799022969;0.0079641629057016199;122198429.13028777;122198429.13028784;122198429.13028793;9.0395356130978937e-21;2.656295322589486e-21;122198429.13028778;0.00026320104179460219;0.00024335226811431784;0.0001232635806824495;0.0004804365252778601;2.9753269195392856e-05;0.00011596740244563313;0.48947512686974343;0.50033757435223802;0.00017386644960650153;5.7952471920361022e-05;
496386;3614;500000;996386;503614;1000000;0.5;0.70584167801265341;0.50181355418482398;0.99282386907433073;0.49638599999999999;0.003614;496051.7031648237;3602.4091316843896;499941.08903688838;995992.79220171238;503543.49816857232;999595.2013333966;0.50020158050683305;0.7059680822363732;0.50201116702481252;0.99284647315625907;0.49619401597165746;0.0036044035215101015;172387814.74017042;996160.43455999461;56607015.179105781;227038266.33051074;56719084.694187135;226583492.15751731;5.811239809447709e-05;2.9667487593742166e-05;5.8416699154812127e-05;3.8998787147405848e-06;5.8372123357393889e-05;1.001458874923578e-06;496372.02038838679;3600.0203883863533;500013.97961161315;996386;503614;999986.02038838656;0.50002243211768693;0.70586141279769199;0.50182758450200438;0.99285162765851254;0.49637846858098866;0.0035990993013245297;975392.4544922323;975392.45449223649;975392.45449223672;7.3319171914332242e-21;2.8765238888756039e-21;975392.45449223334;2.193474301874086e-06;1.943810753131597e-06;9.8248099494333911e-07;3.8457743848856084e-06;2.4725530691314405e-07;9.6784378603521167e-07;496029.79516026698;3580.50112712691;499962.99704144534;995992.79220171226;503543.4981685722;999573.29332883819;0.50023622843785098;0.70599888090485785;0.50203340269615493;0.99288912616391345;0.49618215390952825;0.0035816176526217206;174009778.33283582;1709701.9313344301;57750446.437789313;227038266.33051082;56719084.694187127;227775565.98827383;6.0759161668694483e-05;3.1769652704330471e-05;5.9828695019264245e-05;6.7162419474443611e-06;5.890627448590345e-05;1.7087873384317827e-06;500511.85745226889;7739.857452268715;495874.14254773123;996386;503614;1004125.8574522684;0.49398647667369244;0.70001727371795053;0.49767273180045501;0.98463136955630937;0.49840499635763835;0.0076085269686693565;119483013.04117285;119483013.04117295;119483013.04117292;3.6049722235143024e-21;1.3484764520288462e-21;119483013.04117279;0.0002571121403547468;0.00023811171031346308;0.00012035134062281663;0.00047109725820249359;2.8982487335362055e-05;0.00011344759641995449;0.48941995095676705;0.50028480089523075;0.00017634947988913799;5.912851992999643e-05;
496985;3015;500000;996985;503015;1000000;0.5;0.70604962096994728;0.5015120588574552;0.99400614295796352;0.49698500000000001;0.0030149999999999999;496610.1361225812;3004.824552494008;499945.95720939978;996556.09333198075;502950.78176189325;999560.91788447381;0.50022418056434814;0.70619139457792468;0.5017325493304895;0.99402617588950237;0.49676950501778583;0.003006314417865712;172886812.92401698;801360.3719833591;56352469.744680256;226933704.77991778;56507176.839206457;227125612.76366454;5.8312319913465849e-05;2.9709542423727472e-05;5.8463168303170932e-05;3.1488081335932627e-06;5.8311076333781314e-05;8.0109730960660532e-07;496972.88692031597;3002.8869203163613;500012.11307968397;996985;503015;999987.88692031719;0.50001935685376386;0.70606672584058539;0.50152420856851843;0.99403022390919493;0.49697850880813593;0.0030021343380997939;791665.26047729631;791665.26047729712;791665.26047729817;7.0066565396875726e-21;2.5953089503871763e-21;791665.26047729678;1.7804603924279588e-06;1.5785997423849944e-06;7.9646067836104419e-07;3.1288137812226167e-06;2.0022194265587945e-07;7.8655128935430798e-07;496580.42676549661;2975.1151954100028;499975.66656648385;996556.09333198075;502950.78176189319;999531.20852739085;0.5002697255343258;0.70623289632491038;0.50176223860788194;0.99408419681727711;0.4967540865214603;0.0029761879442137067;173789760.03533787;1419443.8044891628;57498459.076450467;226933704.77991778;56507176.839206509;227500653.97572121;6.0367603610178719e-05;3.1365395563782957e-05;5.9524909042113429e-05;5.6014405608551916e-06;5.8697637796382362e-05;1.4146030323927088e-06;501348.10141505778;7378.1014150581304;495636.89858494216;996985;503015;1004363.1014150579;0.49362708425214202;0.69988848876924414;0.49713576291011252;0.98533224374013073;0.49912211480994184;0.0072508009379168153;117113726.18569033;117113726.18569039;117113726.1856904;3.1712913545201007e-21;1.1146953585866593e-21;117113726.1856904;0.00025186097289503013;0.00023352761225750487;0.00011782312861247405;0.00046285603114528545;2.832306379108807e-05;0.00011126424031172652;0.48936242390136853;0.5002297286628189;0.00017773817614387603;5.9253580503625207e-05;
497485;2515;500000;997485;502515;1000000;0.5;0.70622372396192079;0.50126067058652513;0.99499517427340478;0.49748500000000001;0.0025149999999999999;497120.26558639872;2496.372049572456;499949.41769401589;997069.68328041513;502445.78974358924;999566.0553299879;0.50022484644198906;0.70636911599764785;0.50147753626892955;0.99503253008322434;0.49727748252000542;0.0024976710380065089;172902635.85414129;674954.96202052152;56285572.336057775;227018430.67764279;56661655.175395586;227041523.54620746;5.8048402803497233e-05;2.940935985332394e-05;5.8331745425876882e-05;2.6546817911729217e-06;5.8365210097655535e-05;6.7562087756704691e-07;497464.25324585475;2494.2532458554456;500020.74675414513;997485;502515;999979.25324585487;0.50003211676258852;0.70625302766186526;0.50128146965031462;0.99503646011391556;0.49747424056336503;0.0024936426740461747;664541.27510797069;664541.27510797477;664541.27510797791;5.2041704279304214e-21;2.3852447794681096e-21;664541.27510796895;1.4946792167731133e-06;1.325765022707975e-06;6.6789657026029782e-07;2.6316243767367317e-06;1.6775038960258319e-07;6.6096463755337398e-07;497093.5758341183;2469.6822972915907;499976.10744629765;997069.68328041513;502445.78974358912;999539.36557770718;0.50026626956228426;0.70640684292289224;0.50150453716115151;0.99508524733818826;0.49726345288634588;0.0024702775513701265;174107720.6943197;1207002.0652364704;57021066.371012673;227018430.67764264;56661655.175395459;228043161.45464671;5.9934127423035752e-05;3.0915609329809785e-05;5.9325338399903624e-05;4.762678816593967e-06;5.8736768910144283e-05;1.2019246702825331e-06;502087.62220664037;7117.6222066405599;495397.37779335969;997485;502515;1004602.6222066405;0.49326676811958525;0.69972276197239636;0.49664644359901394;0.98583600050418252;0.49974070001225507;0.006992531868159171;116449625.47061938;116449625.47061935;116449625.47061932;2.8202809011779184e-20;7.3420815868002747e-21;116449625.47061932;0.00025025169706416935;0.00023231791032288812;0.00011703758423024502;0.00046114768868277424;2.8086173414421561e-05;0.00011066422841165635;0.48932764884036606;0.50019643451073081;0.00017850492908114398;5.9262142849387148e-05;
497902;2098;500000;997902;502098;1000000;0.5;0.70636929394313264;0.50105120542899007;0.9958215328481691;0.49790200000000001;0.002098;497519.61611021054;2079.4389038800841;499947.87304893404;997467.48915914644;502027.31195281411;999546.92806302616;0.50023302639826006;0.70652046659539924;0.50127616501554406;0.99585890626013052;0.49768639323315605;0.002080580368584441;173454614.48311093;565904.7654120574;56334770.205016509;228165284.02590415;56743126.596559174;228154009.26715881;5.7997678759337311e-05;2.9293725614710291e-05;5.8292279040325511e-05;2.231378633965672e-06;5.8373395669398069e-05;5.6723274003570648e-07;497881.4388730998;2077.4388731009399;500020.56112690025;997902;502098;999979.43887310172;0.50003167772528578;0.70639834144051317;0.50107180978382482;0.99586248327397864;0.49789139645165981;0.0020769258230546863;557469.85000085388;557469.85000085214;557469.85000085121;6.6407383064737145e-21;2.2836008257975939e-21;557469.85000085493;1.2537997689132139e-06;1.1126152278369749e-06;5.5981637542212271e-07;2.2112833771275166e-06;1.4048263683269305e-07;5.5490859725019016e-07;497504.04436800879;2063.8671616785055;499963.44479113666;997467.48915914644;502027.31195281423;999531.35632082366;0.50025788452219333;0.70654245511985192;0.50129210823215409;0.99588922384902356;0.49767783827440093;0.0020642772034063653;174905776.27647489;996096.07957377913;57117821.227101199;228165284.0259043;56743126.5965591;229252311.35260013;6.0022321917479607e-05;3.0842403692354109e-05;5.9428666927909499e-05;3.9381194471059744e-06;5.8841666233879237e-05;9.926176315209432e-07;502712.80889827647;6908.8088982762465;495189.19110172358;997902;502098;1004810.8088982761;0.49295475040504133;0.69957287857359574;0.49623028223384852;0.98624011866552697;0.50026027048742061;0.0067849791075377235;116677742.75789554;116677742.75789545;116677742.75789554;3.3068166260807885e-21;2.7409986173149161e-21;116677742.7578955;0.00025053081202812595;0.00023286897639734672;0.0001171688675953707;0.00046281884668901749;2.8070853061373762e-05;0.0001108803055459036;0.48929313147352027;0.50016338898538459;0.00017931175824683577;5.9312465528561193e-05;
498250;1750;500000;998250;501750;1000000;0.5;0.70649103349085385;0.50087653393438514;0.99651220727453915;0.49825000000000003;0.00175;497886.64724954247;1758.2946778966198;499957.2375527728;997843.88480231608;501715.53223067027;999602.17948021309;0.50021491750200064;0.70661946133258335;0.50109651758674478;0.9964950176164008;0.49802566967547357;0.0017594128225261962;173852786.15861014;477945.55886815483;56526474.41100692;227815294.99713084;56220980.502083212;227281730.47078854;5.8550599246622952e-05;2.9610660122120252e-05;5.8599219035111472e-05;1.8967936951817253e-06;5.8481807100604623e-05;4.8042342895930902e-07;498257.40486608719;1757.4048660863525;499992.59513391275;998250;501750;1000007.4048660867;0.49998960378858609;0.70648057054786495;0.50086911608706652;0.99649744919564043;0.4982534775327182;0.0017569186786963423;474195.74018779234;474195.74018779217;474195.74018779141;6.1528473288552379e-21;2.3547515933669548e-21;474195.74018779193;1.0663243911093068e-06;9.4674048331523451e-07;4.7585979213966405e-07;1.8835748629186635e-06;1.1931130270231852e-07;4.7226467615950016e-07;497867.14260503819;1738.7900333922562;499976.74219727755;997843.88480231585;501715.53223067027;999582.67483570939;0.50024463146427167;0.70664690986259759;0.50111598242431854;0.99653372425026232;0.4980157269613098;0.0017396415744177231;174151256.4479371;851777.32705704647;56983458.129548274;227815294.99713081;56220980.50208319;227497048.80976298;5.9410000061014455e-05;3.0368820858847008e-05;5.8985583428627477e-05;3.3835817194172501e-06;5.858155103846273e-05;8.5379319258526986e-07;503230.91481473448;6730.9148147342721;495019.08518526558;998250;501750;1004980.9148147347;0.49269773108280768;0.69945309018046375;0.49588688723793495;0.98658512244198504;0.5006926089527991;0.0066096599643934544;115398944.13614872;115398944.13614872;115398944.13614874;2.9680034471790684e-21;1.0875903042745217e-21;115398944.1361488;0.00024782231274368151;0.00023039610626249005;0.00011580390314771265;0.00045838149093479005;2.7728900528468628e-05;0.00010975808604662626;0.48924916019868042;0.50012129885485346;0.0001804879468159377;5.951414859905087e-05;
498541;1459;500000;998541;501459;1000000;0.5;0.70659301247747197;0.50073056589564169;0.9970904899503249;0.49854100000000001;0.001459;498171.8987254891;1471.8436708652589;499954.25967222877;998126.15839771798;501426.103343094;999598.00206858234;0.50021406461055373;0.70671927743081153;0.5009519838091645;0.99706447592717795;0.49831303875337085;0.0014728966360749935;174364528.49665749;386521.98092400626;56574552.992125005;228249159.5665457;56398652.284991451;227613336.28449851;5.8564882768754888e-05;2.9508858871559941e-05;5.8709885576593498e-05;1.5371761432589389e-06;5.8707029417017703e-05;3.8888630851140603e-07;498552.82129278494;1470.8212927847437;499988.17870721506;998541;501459;1000011.8212927867;0.49998284364261136;0.70657630679171179;0.50071872733039025;0.99706691615309628;0.49854673547321299;0.0014704208841755349;383850.624426333;383850.62442632741;383850.6244263277;6.532318089225164e-21;2.2226144535952842e-21;383850.6244263323;8.6308251667838556e-07;7.6658606342050225e-07;3.8497315661227882e-07;1.5264809572746174e-06;9.6458535017239117e-08;3.8247372405425354e-07;498157.21143181541;1457.1563771922538;499968.94696590153;998126.15839771787;501426.103343094;999583.3147749115;0.50023648858103265;0.70674018237421854;0.5009667101630666;0.99709414938780005;0.49830560120852607;0.0014579102104409201;174504844.87574691;688953.29465099133;56686114.070985593;228249159.56654552;56398652.284991488;227944522.89845404;5.8982094273584665e-05;2.993629334120308e-05;5.8835589325581724e-05;2.733043513493426e-06;5.869375684632994e-05;6.9115784448840843e-07;503673.33524189662;6591.3352418968843;494867.66475810349;998541;501459;1005132.3352418971;0.49247105693739912;0.69934006803823867;0.49559073163556572;0.98685568462846052;0.50105797083948167;0.0064709722231196184;115741370.50757846;115741370.50757852;115741370.50757845;2.6969529040576924e-21;1.0401564592282808e-21;115741370.50757843;0.00024842480329483253;0.00023114648237162826;0.00011607984439656916;0.00046027539570303209;2.7764080635054789e-05;0.00011008907934932165;0.48921054617084825;0.50008432589689178;0.00018125959585542104;5.9450918090679057e-05;
498784;1216;500000;998784;501216;1000000;0.5;0.70667829562035034;0.50060874022811741;0.9975739002745323;0.49878400000000001;0.0012160000000000001;498401.59121973073;1220.404318516529;499957.68554887979;998359.27676861186;501178.08986739605;999579.68108712719;0.50022655066398924;0.70681651744712704;0.50083840383105915;0.99756499360918782;0.49855208995736061;0.001221359378651434;174191221.4875848;315701.40407818201;56381282.078520514;228237861.83109415;56363277.961003706;227598414.60905528;5.825954757004274e-05;2.9272658745008032e-05;5.8471911033462682e-05;1.2541175011500166e-06;5.8559451953221416e-05;3.177197160280803e-07;498787.26716766029;1219.2671676598138;499996.73283233977;998784;501216;1000003.2671676585;0.49999556735131279;0.70667367794740399;0.5006054690827455;0.99756738179216164;0.49878548114296317;0.00121895150572477;312152.50520424539;312152.5052042451;312152.50520424463;7.0879717026239855e-21;2.6122496093322623e-21;312152.50520424283;7.0196598086686904e-07;6.2354861931521623e-07;3.1291304704389955e-07;1.2425588652280214e-06;7.8376055029183753e-08;3.1122659447449335e-07;498389.0666582564;1207.8797570416161;499970.21011035418;998359.27676861186;501178.08986739605;999567.15652565379;0.50024595375291203;0.70683447538430988;0.50085110691930279;0.99759037585460386;0.49854562052466739;0.0012084257224200944;174579962.90351084;577690.80131629319;56445317.572548993;228237861.83109421;56363277.961003698;228185109.9281911;5.8781974627695042e-05;2.975774742078195e-05;5.8691502850471201e-05;2.2901531405420684e-06;5.8600276386907679e-05;5.7855241730504074e-07;504033.92577134765;6465.9257713478009;494750.07422865235;998784;501216;1005249.925771349;0.49229403784703196;0.69925827842789434;0.49535242277474401;0.98709952241878152;0.50135890101764269;0.0063470611353252746;115318893.71885076;115318893.71885067;115318893.71885064;3.1848438816761691e-21;2.7511630126819677e-21;115318893.71885076;0.00024747560815607128;0.00023035835292207127;0.00011559986164995404;0.0004590400888337924;2.7631199248812606e-05;0.00010972182818147879;0.48918011436598019;0.50005518659150028;0.00018184777844750617;5.9383227493838123e-05;
498986;1014;500000;998986;501014;1000000;0.5;0.7067492764009925;0.50050751461982446;0.99797610446015483;0.49898599999999999;0.0010139999999999999;498602.24466485111;1021.9116033753731;499961.06120115647;998563.30586600828;500982.97280453151;999585.21746938233;0.50022833099121722;0.70688691631038691;0.50074000155347631;0.99795959300219772;0.49874935789259717;0.0010223111161851244;175409673.52823651;268604.93124456529;56432689.907661103;228475570.00231457;56082730.600351304;228698107.53620839;5.9217950322107857e-05;2.9907235756541341e-05;5.9026910410862353e-05;1.0716105145513141e-06;5.8738846763611627e-05;2.6862852389656546e-07;498994.0197172637;1022.0197172632591;499991.9802827363;998986;501014;1000008.0197172642;0.49998837425374681;0.70673794054224603;0.50049948676231371;0.99796009748776815;0.49898988310775538;0.0010217426384978223;269289.77772458119;269289.77772458078;269289.77772458369;5.8275866771095862e-21;2.1988975310721638e-21;269289.77772458078;6.0558740230296167e-07;5.380350942746353e-07;2.6983672916628435e-07;1.0728034080665175e-06;6.7560683939653505e-08;2.6860439720606001e-07;498578.66984131595;998.33677984049984;499984.63602469151;998563.30586600816;500982.97280453151;999561.64264584798;0.50026333989185978;0.70691981089290701;0.50076322530534034;0.99800619203716479;0.49873770897289715;0.00099895113524292871;175051257.54437175;450787.62508482521;56845904.983565226;228475570.00231469;56082730.600351304;228108659.1702798;5.9436955354781902e-05;3.0131339683804722e-05;5.907772019761692e-05;1.8047911865669345e-06;5.872487937205004e-05;4.5155758295935552e-07;504330.50125290174;6358.5012529009991;494655.49874709838;998986;501014;1005344.5012529015;0.49215106413809667;0.69919483161456497;0.49515758854188463;0.98730873537884978;0.5016076178346075;0.0062413180272955365;114549274.27435873;114549274.27435882;114549274.27435888;9.2292709932828572e-21;2.6325784000663655e-21;114549274.27435859;0.00024587253250682033;0.00022886694810350449;0.00011478193401822166;0.00045634428782055544;2.7430089191031778e-05;0.0001090551803626875;0.48918012755206691;0.50005521183044965;0.00018215023325066873;5.9660395882678996e-05;
499154;846;500000;999154;500846;1000000;0.5;0.70680837011390396;0.50042335816100425;0.99831085802821629;0.49915399999999999;0.00084599999999999996;498742.01407057478;850.66666806569424;499961.57569115423;998703.58976172889;500812.24235921935;999554.25642979401;0.50024423549288588;0.70695834108808808;0.5006700590444737;0.99830065708661386;0.49890473486698622;0.00085102964012789242;175228869.70262486;213427.84296502254;56444823.625189297;228116964.60731637;56026017.03705658;228299564.05938676;5.9240843023038071e-05;2.9892253199844037e-05;5.9024896139268853e-05;8.5392799217019602e-07;5.8720501147054017e-05;2.13610569307002e-07;499159.03357240587;851.03357240566845;499994.96642759425;999154;500846;1000005.0335724051;0.49999277180335849;0.70680125457168985;0.50041832032658962;0.99830080788824216;0.49915641347558476;0.00085081472105843711;214827.48954401421;214827.48954401878;214827.48954402207;7.1557343384043296e-21;2.5546513689189698e-21;214827.48954401189;4.8312434516023808e-07;4.2929241221020109e-07;2.1519143944360155e-07;8.5640941692551428e-07;5.3862291229283275e-08;2.1435877535468917e-07;498727.52092948154;836.17352697365891;499976.06883224571;998703.58976172877;500812.24235921935;999539.76328870142;0.50026554926079148;0.70697831640952857;0.5006841490441154;0.99832898175857554;0.49889765033338407;0.0008368004058256223;174851286.06548205;375260.18355203222;56917695.22043325;228116964.60731643;56026017.037056588;227610941.16758701;5.9469017307861723e-05;3.0113868071763385e-05;5.9092328106905167e-05;1.5067198987049915e-06;5.8719235934657409e-05;3.7636504052386625e-07;504564.10296249803;6256.102962498102;494589.89703750197;999154;500846;1005410.1029624982;0.49205138962457057;0.69916055799976717;0.49500867437601925;0.98750892896719056;0.50180801980806489;0.0061405905673645785;113680877.89508839;113680877.8950884;113680877.8950884;9.7713720795256084e-21;2.7545511444709845e-21;113680877.89508833;0.00024400935287582784;0.0002271698952370627;0.00011387347030578187;0.00045318862385981514;2.7203975454617173e-05;0.00010826518386318236;0.48917449970342208;0.50004982128162212;0.00018221758021966472;5.9609826955857976e-05;
499295;705;500000;999295;500705;1000000;0.5;0.70685800884113237;0.50035274868782487;0.99859198530072601;0.49929499999999999;0.00070500000000000001;498915.6022265394;709.76492224070489;499960.9841566371;998876.58638317708;500670.74907887727;999586.35130541655;0.50022720908968077;0.70699617280087634;0.50058253113566065;0.99858206863012688;0.4990627231285788;0.00071006778173984385;174639715.24422166;182445.95143690225;56292027.002399124;227782818.083482;56111102.171515591;227877319.58034521;5.8794890525475748e-05;2.9579518115446562e-05;5.8704334265857634e-05;7.2874545597769057e-07;5.8546117164964957e-05;1.8284132850544257e-07;499299.71788256674;709.7178825675926;499995.28211743326;999295;500705;1000004.7178825684;0.49999319687410004;0.70685133909497644;0.50034802747680263;0.99858256282128799;0.4992972709061021;0.00070953221979687051;182509.55383266349;182509.55383265694;182509.55383265088;5.1906179007743526e-21;2.053207864144424e-21;182509.55383266552;4.1044759508616023e-07;3.6476231282674938e-07;1.8276716469502423e-07;7.27983853558889e-07;4.5733985923908952e-08;1.8216403021324647e-07;498901.19084375526;695.35353945697045;499975.39553942072;998876.58638317708;500670.74907887727;999571.9399226337;0.50024868800051614;0.70701620755518368;0.50059671561904084;0.9986103702282777;0.49905554981528133;0.00069576218420354223;174533229.25829419;323135.56028260809;56671145.306620061;227782818.0834817;56111102.171515599;227532404.89904216;5.9131578123653523e-05;2.9868416459487575e-05;5.8857036893037354e-05;1.2958868174307947e-06;5.8590418236558111e-05;3.2370627814206625e-07;504793.82821250858;6203.8282125080468;494501.17178749153;999295;500705;1005498.8282125081;0.49191849229199625;0.69908422731862718;0.49485004106643876;0.98760981373761347;0.50199263421129436;0.0060888734967099508;113802301.76596124;113802301.7659612;113802301.76596126;2.5885326868091419e-21;1.0740377771184528e-21;113802301.76596129;0.0002443064150881119;0.00022744448126381961;0.00011396293285886423;0.00045392822700896895;2.722176054269396e-05;0.00010842758420854772;0.48916862560392399;0.50004420401610705;0.00018250749628284299;5.9758411719877646e-05;
499412;588;500000;999412;500588;1000000;0.5;0.70689922768978408;0.5002941729737086;0.99882538135153065;0.49941200000000002;0.00058799999999999998;499018.66807411215;588.25420605160843;499962.50128376612;998981.1693578799;500550.75548981747;999569.42356393102;0.500237404824598;0.70704602601375566;0.50053174867268369;0.99882423885705418;0.49917413249680698;0.00058846267859527187;174964235.65973914;146682.253602476;56366745.028083995;227875275.72625944;56074099.393566586;228065532.50602102;5.9041448184124524e-05;2.9717427991945328e-05;5.8872207007664653e-05;5.8720404109555496e-07;5.8640867965526818e-05;1.4701007430712792e-07;499412.58032164659;588.58032164600138;499999.41967835336;999412;500588;1000000.5803216456;0.49999935041143179;0.70689840723193464;0.50029359231063153;0.99882422207155086;0.49941221678416092;0.00058843280440614484;147294.99971701397;147294.99971700751;147294.99971701429;4.323256162785949e-21;2.2497195079074218e-21;147294.9997170069;3.3126810730011663e-07;2.9441708577346636e-07;1.4746837153563624e-07;5.8779668814878828e-07;3.6894189780482306e-08;1.470571780177253e-07;499007.51939370716;577.10552564623913;499973.64996417187;998981.1693578799;500550.75548981747;999558.27488352463;0.50025389498712614;0.70706135065160669;0.50054261659135868;0.99884585219361843;0.49916861236871929;0.00057749264415424251;174820681.59676418;261084.24019508166;56811010.749245144;227875275.72625911;56074099.393566638;227592114.70847806;5.9380221895665041e-05;2.9992601628365071e-05;5.9038668879371114e-05;1.0494795090533628e-06;5.869951618306797e-05;2.6172433228684568e-07;504958.87524574995;6134.8752457499613;494453.12475425005;999412;500588;1005546.8752457496;0.49184610943187951;0.69905706403515189;0.49474403424638363;0.98774466178623865;0.50213315984781182;0.0060207307203087208;113596778.78104047;113596778.78104043;113596778.7810404;3.2932640989247196e-21;2.7782680669941049e-21;113596778.78104043;0.00024383264578096308;0.00022706020317202143;0.00011373048651154628;0.00045332027889713315;2.7156275264281887e-05;0.00010824265906364406;0.48916529896611516;0.5000410165993846;0.00018252216455543751;5.9705358079284775e-05;
499500;499500;1000;500500;500500;1000000;0.001;0.001998001998001998;0.001998001998001998;0.001998001998001998;0.4995;0.4995;498798.37742980465;498994.13036770426;1838.7910738854248;500637.16850369074;500832.92144158995;999631.29887139471;0.0018444921801508631;0.0036716517804049427;0.0036704783886434117;0.0036732702454834384;0.4989808959029074;0.49917461191694168;64282121.100931123;67245800.625955209;6080961.3816169947;60091660.885466665;61251354.505998001;122795932.39845023;6.1417172368120533e-06;2.4223466235786298e-05;2.4215701893582688e-05;2.4246985724110282e-05;3.2085959006868223e-05;3.2982414477670966e-05;498665.74014041008;498665.74014041008;1834.2598595906165;500500;500500;999165.7401404113;0.0018411821828059518;0.0036648548643169088;0.0036648548643169088;0.0036648548643169088;0.49907940890859737;0.49907940890859737;6051040.6742441999;6051040.6742441999;6051040.6742442027;2.0227146780432691e-21;2.0227146780432691e-21;6051040.6742441989;6.1253623878323529e-06;2.4155826887375169e-05;2.4155826887375169e-05;2.4155826887375169e-05;1.5313405969580855e-06;1.5313405969580855e-06;495838.98403099028;496034.73696889047;4798.1844726997033;500637.16850369074;500832.92144158995;996671.90547258034;0.0048525563786677882;0.0095727483180685705;0.0095746062600047914;0.0095722091862694356;0.49747621971804051;0.49767122390329194;110133085.59536645;110615183.04159461;57176631.626851112;60091660.885466605;61251354.505998001;160920609.06329039;5.8980350162365264e-05;0.00022722838156414004;0.00022721005241305053;0.00022740972642617996;4.6159726299383425e-05;4.5779091393002788e-05;494236.68812643131;494236.68812643131;6263.3118735681974;500500;500500;994736.68812643248;0.0063738344836342213;0.012514109637498896;0.012514109637498896;0.012514109637498896;0.49681308275818298;0.49681308275818298;102846859.79121396;102846859.79121396;102846859.79121402;9.0124305587857561e-22;9.0124305587857561e-22;102846859.7912139;0.00010773631322404433;0.00041056589680535258;0.00041056589680535258;0.00041056589680535258;2.6934078306011083e-05;2.6934078306011083e-05;0.0018411767956503643;0.042586119263412756;6.1253730085150326e-06;0.0017384448376881769;
499510;490;500000;999510;500490;1000000;0.5;0.70693377331698781;0.50024512010885336;0.99902095945972946;0.49951000000000001;0.00048999999999999998;499135.55392657954;494.12632164269121;499963.0409376059;999098.59486418508;500457.16725924867;999592.72118582856;0.50022628809073066;0.70707150843140987;0.50047361835755255;0.99901257243072072;0.49927938800438681;0.00049432390488341924;175314416.14441156;139670.53760642605;56328623.612903431;228316104.65403104;56251386.517682157;228404676.19534433;5.8920713279131558e-05;2.9578802460693703e-05;5.8875718414212866e-05;5.5760592104939203e-07;5.8790961110656831e-05;1.3983333777618855e-07;499513.95600214694;493.95600214590843;499996.04399785312;999510;500490;1000003.9560021451;0.49999427515378736;0.70692818005394253;0.50024116216731718;0.99901305520160955;0.49951191015218638;0.00049381469402670229;139472.67464006846;139472.67464007175;139472.6746400772;5.7598240413292422e-21;2.690176640479658e-21;139472.67464005953;3.136576250184365e-07;2.7880886681942593e-07;1.3960945838906085e-07;5.5679883808801702e-07;3.4919188355585441e-08;1.3926680704671711e-07;499117.15844411991;475.7308391829759;499981.43642006477;999098.59486418508;500457.16725924867;999574.32570336829;0.50025370228757537;0.7070974635695535;0.50049188201882922;0.99904946055599719;0.49927030787909638;0.0004759898333289176;175044546.69510296;228061.94290479118;56354339.211373143;228316104.6540314;56251386.517682135;228197482.55286524;5.8821294729950099e-05;2.9549915028421168e-05;5.8763394762714772e-05;9.1095837631494182e-07;5.8715918542880127e-05;2.2797711455858209e-07;505135.04278825648;6115.0427882563772;494374.95721174357;999510;500490;1005625.0427882568;0.49173020463027706;0.69898070787025413;0.49461731969840189;0.98778188817307777;0.50226929992305758;0.0060004954466651881;114528951.35499823;114528951.35499819;114528951.35499823;3.144186300207963e-21;2.8155375166732942e-21;114528951.35499826;0.00024577722263141978;0.00022894582919347751;0.00011464127227645904;0.00045721921664204141;2.7362131336913543e-05;0.00010912729776193631;0.48913589248445688;0.50001286135558021;0.00018314539139392759;5.9689681180405848e-05;
531147;368853;100000;631147;468853;1000000;0.10000000000000001;0.18383000087424359;0.15844169424872495;0.21328646718694347;0.53114700000000004;0.36885299999999999;531473.66658410279;369068.94985699165;99834.866899014814;631308.53348311805;468903.81675600709;1000377.4833401105;0.099813059004788526;0.18347969160058566;0.15813839652625572;0.21290504681240965;0.53125661115634359;0.36893032983886803;101492548.15681686;61615471.101333342;30759223.668120962;104642104.22820288;58369452.831718154;159385150.55612493;3.2323648656423092e-05;9.0255844095837222e-05;7.0352514433589307e-05;0.00012537827680285195;3.8801814630870021e-05;4.0306132612274985e-05;531343.72041270311;369049.72041270265;99803.279587297089;631147;468853;1000196.7204127037;0.09981296303336365;0.18346836973785188;0.15813000709390523;0.21286688916845356;0.53122672076628941;0.36896031620034708;26715086.702488847;26715086.702488884;26715086.702488862;4.4994390158148436e-21;1.6601845766184286e-21;26715086.702488855;3.2259491896135028e-05;9.0279546022824022e-05;6.7064940483657783e-05;0.00012152991371211738;5.8606468279020748e-06;1.0620212262257873e-05;531353.57877355418;368948.86204644351;99954.954709563506;631308.53348311805;468903.81675600697;1000257.39552956;0.10004113031493769;0.18371160553567609;0.15834020876663946;0.21317143517523601;0.5311587497527529;0.36880011993230877;190416803.99014369;145810107.68249905;110644039.17352253;104642104.22820289;58369452.831718221;252619227.46521544;0.0001302841253012832;0.00036398714369447399;0.00027423493209989498;0.00049289435342979326;5.7182655730886069e-05;7.1725778089438239e-05;531404.39552956109;369110.39552956104;99742.604470439313;631147;468853;1000257.3955295602;0.099995295158478159;0.18335683067000211;0.15803387241076863;0.21273747735524653;0.53114900534460219;0.36885569949691982;252619227.46521547;252619227.46521533;252619227.46521541;3.564314642046096e-21;1.3518645838178634e-21;252619227.46521541;0.00030712562158329547;0.00085368800880857617;0.0006341695104213872;0.0011491930854564359;5.5796129886200874e-05;0.00010110944409460015;0.098581599184426688;0.13243943077525602;3.4836711873405943e-05;0.001080394394223583;
540000;450000;10000;550000;460000;1000000;0.01;0.019881069312188603;0.018181818181818181;0.021739130434782608;0.54000000000000004;0.45000000000000001;540144.62187441799;450065.89284677902;10034.289433941662;550178.91130835901;460100.18228072039;1000244.8041551388;0.010043861473753272;0.019944305427333581;0.01823952358171296;0.021810919116381829;0.54000163331953299;0.44995450520671426;81769989.866222188;60270232.469599783;12259958.77862243;71377494.626456469;49394488.589475319;134679253.23991004;1.248954200957457e-05;4.8377036409626691e-05;4.0554498440669467e-05;5.7843895397512078e-05;3.0806593586052696e-05;3.1908361573047992e-05;539974.46786460397;449974.46786460391;10025.532135395842;550000;460000;999974.46786460292;0.010038144386647069;0.019931829927537906;0.018228240246174303;0.021794635076947521;0.53998262730905178;0.44997922830430148;12232973.087057404;12232973.087057399;12232973.087057389;4.4181238528784307e-21;1.8058742435461684e-21;12232973.087057412;1.2482602215705468e-05;4.8351672280859324e-05;4.0439580453082311e-05;5.7811782074940446e-05;2.5892742170799708e-06;3.7015853056081754e-06;539116.87736541592;449038.14833777689;11062.033942943253;550178.91130835912;460100.18228072039;999217.05964613589;0.011160112213786169;0.02198423007740782;0.020103149500840592;0.02404402085786438;0.53949378690332472;0.44934610088288984;157084653.81738046;137992506.50484145;90757521.480381161;71377494.626456499;49394488.589475229;209218628.52455154;9.4301831476594354e-05;0.00035824808405307893;0.00029977039196945221;0.00042846723904419734;4.7334588690631864e-05;5.6815831585350369e-05;537862.70890920493;447862.70890920504;12137.291090794813;550000;460000;997862.70890920435;0.012316556654978278;0.024130232543830076;0.022067801983263295;0.026385415414771327;0.53894493459278447;0.44873850875223836;153515110.47117579;153515110.47117576;153515110.47117576;2.9815559743351372e-21;1.2468324983583301e-21;153515110.47117576;0.00016244645190483515;0.00060677909277144601;0.00050748796849975656;0.00072549674135716094;3.3696372142989144e-05;4.8171798550350428e-05;0.0096659902520922977;0.05052905862560679;1.2595707124835114e-05;0.0016531615937976198;
544909;454091;1000;545909;455091;1000000;0.001;0.0020062763302283477;0.0018318071326906132;0.0021973627252571465;0.54490899999999998;0.45409100000000002;544171.15864492964;453398.68661037541;1837.3142601694012;546008.47290509939;455236.00087054516;999407.15951547492;0.0018436870329493346;0.0036855715830912566;0.0033652560886614081;0.0040368484963669076;0.54448572160787068;0.45367059135918031;76043659.759621069;53432506.140970916;5898523.4723619893;70624984.189794332;47832685.455096394;126978764.24207199;5.9707912335523073e-06;2.3753500736787729e-05;1.980395314057555e-05;2.8508584861069069e-05;2.9238693581366423e-05;2.9826835987678339e-05;544075.9249112783;453257.92491127824;1833.0750887201343;545909;455091;999166.92491127783;0.0018398283407886269;0.0036776551620303758;0.0033578400222750307;0.0040279308725510677;0.54452718349706597;0.45363298816214215;5885214.2605593773;5885214.2605593689;5885214.2605592301;8.5380921083233475e-21;2.541098841762901e-21;5885214.2605594834;5.9553901753153142e-06;2.3688839067142451e-05;1.9747938685577465e-05;2.8416185875582728e-05;1.2309447457853405e-06;1.7712610544185142e-06;541036.62716859346;450264.155134039;4971.8457365063714;546008.47290509939;455236.00087054516;996272.62803913711;0.0050383630180715613;0.0099702151827461474;0.0091031340171805423;0.010921030331001899;0.54303340588351057;0.45192823109841768;131071705.94556719;109412567.31357379;64041478.22637365;70624984.189794376;47832685.455096379;179843916.84660983;6.6419215765810548e-05;0.00025735649281341522;0.00021475293259665414;0.00030854556771201587;4.1809459000082204e-05;4.8053917238523791e-05;539351.49885553203;448533.49885553203;6557.5011444682004;545909;455091;994442.49885553133;0.0066868524087997164;0.01315615933159185;0.012012077369063715;0.014409208585685493;0.54232355010032229;0.45098959749087669;120570358.0937548;120570358.0937548;120570358.09375486;1.9922214919421143e-21;7.5216525716181871e-22;120570358.09375486;0.00012711722324345865;0.00048531313945387647;0.00040457593105663967;0.00058216227226230341;2.6274395706083294e-05;3.7807394687627035e-05;0.0016158500917881362;0.042193135766413807;5.0766761984779327e-06;0.0017061521233211353;
570087;329913;100000;670087;429913;1000000;0.10000000000000001;0.18631341011333916;0.14923435315115799;0.23260520151751635;0.57008700000000001;0.32991300000000001;570455.467198206;330089.0623617188;99905.228412609518;670360.69561081578;429994.29077432823;1000449.7579725347;0.099876217169595938;0.18606764349210361;0.1490314851661344;0.23233206389922453;0.57017968170700917;0.32994410112339428;109347576.7287661;52654386.777411044;30004279.450256478;113591314.17057116;48232982.525801301;158990922.28905326;3.1593663591245309e-05;9.0317922142872501e-05;6.1095220244110856e-05;0.00014440904391553732;3.5476658324973661e-05;3.7561774353719616e-05;570223.27578264941;330049.27578264941;99863.72421734994;670087;429913;1000136.2757826516;0.099878680400355649;0.18605951005552504;0.1490309828684184;0.23228821695866364;0.57013441533912923;0.32998690426051525;26006143.784572706;26006143.784572653;26006143.784572642;4.4587814343466372e-21;1.5890338090490673e-21;26006143.784572709;3.1419335982622636e-05;9.0274312375915983e-05;5.7918002373523284e-05;0.00014070670846669041;4.799243525852614e-06;1.1659341344298438e-05;570294.50481330522;329928.09997681761;100066.19079751064;670360.69561081578;429994.29077432828;1000288.7955876334;0.10015246767599285;0.18638833287156123;0.14929158998036038;0.23272732589306547;0.57007054041549576;0.3297769919085109;203412526.32707757;136484279.20193657;106261072.28922807;113591314.17057107;48232982.525801331;260628971.47291806;0.00012665063578319547;0.00036247762217509746;0.00023699751851605829;0.00056554575744000534;5.1030519760609258e-05;7.120369663270614e-05;570375.7955876335;330201.79558763368;99711.204412366555;670087;429913;1000288.7955876334;0.09996926563337856;0.1857753452057623;0.14880337092402415;0.23193344795892795;0.57009901191250667;0.3299317224541149;260628971.47291771;260628971.4729175;260628971.47291747;3.6185247506703713e-21;1.1858461261560204e-21;260628971.47291768;0.00031616391730175707;0.00090471318546339673;0.00058044397175609208;0.0014101377355595442;4.8293434146981e-05;0.00011732466385064655;0.097224581324459325;0.13118440321875197;3.9971847052612873e-05;0.0010000626383955254;
584262;405738;10000;594262;415738;1000000;0.01;0.020118757626093723;0.016827594562667646;0.024053610687500299;0.58426199999999995;0.40573799999999999;584662.10334351053;405879.15618373849;9904.2634073852641;594566.36675089586;415783.41959112283;1000445.5229346338;0.0099114696244669859;0.019919180098935604;0.016659718005681924;0.023819054392144042;0.58438758122147461;0.40570094915405919;92250755.637135252;50832144.802676164;12305186.370274553;81353649.731442988;41097031.22579404;134354396.30434436;1.251637682612676e-05;4.9657344198712205e-05;3.4859854153023477e-05;7.0893971030200909e-05;2.9703943887566174e-05;3.0811833168522347e-05;584367.32097597397;405843.32097597426;9894.6790240259706;594262;415738;1000105.3209759742;0.0099060083052473717;0.019906864907237219;0.016650364694404118;0.023800275712169642;0.58430068902890397;0.40579330266584801;12261791.808526786;12261791.808526775;12261791.808526756;4.7027269231558751e-21;1.6296913905172738e-21;12261791.808526812;1.2504846087278346e-05;4.9631369075169433e-05;3.4721463119924871e-05;7.0943807516628911e-05;2.1187272291865608e-06;4.3290392518452421e-06;583505.51172391162;404722.56456413842;11060.85502698428;594566.36675089586;415783.41959112283;999288.93131503393;0.011159598719559113;0.022249489018625127;0.018613443327448569;0.02659873080481993;0.58387246874554311;0.40496793253489882;173488618.51323691;125932568.97438951;88498914.274470001;81353649.731442913;41097031.225794032;214498955.44796392;9.2007629244360937e-05;0.00035810140720718463;0.00025102398386458964;0.00051122977433615822;4.4362781074187953e-05;5.6746817844334582e-05;582132.46955309028;403608.46955309046;12129.53044690947;594262;415738;997870.46955308993;0.012310656614680206;0.024403108317969591;0.020411082059612562;0.029175900319214184;0.58331088340626369;0.40437845997905542;155427713.56977278;155427713.56977287;155427713.56977269;2.8866882842426555e-21;1.0232158002831948e-21;155427713.56977281;0.00016440751323915112;0.00062911606534754659;0.00044012145278590553;0.00089926773887776651;2.7855974599880203e-05;5.6916060633055348e-05;0.0084546934325324535;0.0494105325156785;1.4765059976457809e-05;0.0015637711122949687;
589573;409427;1000;590573;410427;1000000;0.001;0.0020311651874979383;0.0016932707726225208;0.002436486878299917;0.58957300000000001;0.40942699999999999;589011.04939204745;408744.37628290185;1782.7480617698575;590793.79745381849;410527.12434467004;999538.17373671755;0.0017894054548300705;0.0036212070367546349;0.0030204630408544766;0.0043419354335364939;0.58927078462663407;0.40893980991853618;87524052.573714271;44400067.33486826;5697585.1585365618;80619467.640077546;39451784.602635607;128718397.73479891;5.7738554474159353e-06;2.3530117328523789e-05;1.6371488518115113e-05;3.3839696310860234e-05;2.809102086245301e-05;2.8159440099609319e-05;588793.62270493491;408647.62270493578;1779.377295061701;590573;410427;999220.62270493386;0.0017858811374413955;0.0036142092171536242;0.0030129675671961417;0.0043354294309626389;0.58925077538701087;0.40896334347554592;5689560.7298085066;5689560.7298085717;5689560.7298085866;8.1450688207973518e-21;1.0740377771184528e-21;5689560.7298083557;5.7596325976093829e-06;2.3473033920394092e-05;1.6312914564068577e-05;3.3775896959676212e-05;9.6827445038872097e-07;2.0048126860819448e-06;585846.76471531391;405580.09160616645;4947.0327385042247;590793.79745381838;410527.12434467004;996373.88905998564;0.0050150326592594491;0.010047820270956812;0.0083829497784992883;0.012044638205490888;0.58794678706301995;0.40703818027772037;146775311.51402298;98361972.739081442;62655847.686827734;80619467.640077725;39451784.6026356;184973299.55103022;6.5070136638012603e-05;0.00025844371531797268;0.00018008053328564326;0.00037107169686900114;3.9427729650432746e-05;4.7219139808723521e-05;583905.26128644717;403759.26128644694;6667.7387135528961;590573;410427;994332.26128644717;0.0067996189153825392;0.01354327875430093;0.011290287083142813;0.016245857883504022;0.58719505774966785;0.40600532333495226;122894795.56262678;122894795.56262675;122894795.56262673;1.9922214919421143e-21;7.2506020284968108e-22;122894795.56262678;0.00012963409967464598;0.00050701870352977689;0.00035235976828201662;0.00072956105909137306;2.1793297486753089e-05;4.5123032271955807e-05;0.0010257170718004137;0.04114350939263247;3.1939480759383554e-06;0.0016204096313429974;
607183;292817;100000;707183;392817;1000000;0.10000000000000001;0.18973128875006942;0.14140611411756221;0.25457146712082218;0.60718300000000003;0.29281699999999999;607581.55559367698;293108.24978700205;99887.72328656145;707469.27888024005;392995.97307356389;1000577.5286672418;0.09984496044988081;0.18942258517746813;0.14119181353636989;0.25415750462047887;0.60720560813459157;0.29294943141552698;125898631.39344445;44903940.678020343;28779615.881156802;132951097.53892308;40301585.895883247;163066915.2539877;3.0096131162108912e-05;8.8754865877244102e-05;5.2668281784933147e-05;0.00016350427200960622;3.4971218037266777e-05;3.6837672441116312e-05;607354.06899274921;292988.06899274816;99828.931007251827;707183;392817;1000171.0689927482;0.099838878486151167;0.18940671734547676;0.14116421210245716;0.25413597427619433;0.60724053751791474;0.29292058399593474;24610234.745232385;24610234.745232377;24610234.745232373;5.2990381180229031e-21;1.3383120566617946e-21;24610234.745232362;2.9743637683484823e-05;8.8591829346599675e-05;4.9209860288557828e-05;0.0001594906423418955;3.7930560556232325e-06;1.229340915017452e-05;607448.81380629004;292975.50799961388;100020.46507394995;707469.27888024005;392995.97307356389;1000444.786879853;0.10008442826219166;0.18969097754448042;0.141400216571442;0.25450269684973637;0.60711708025662581;0.29279849148118164;218835103.13342834;119547160.84009397;101314161.01494367;132951097.53892313;40301585.895883299;258112062.02225903;0.00012036911137006259;0.00035600757538410823;0.00020365487576055424;0.00063685386752217622;4.8904076958000314e-05;6.9893000931217712e-05;607627.78687985335;293261.78687985311;99555.213120147018;707183;392817;1000444.786879853;0.099794694357250038;0.18888738887073286;0.14077715827465725;0.25343916663521948;0.60725631595151597;0.29294898969123306;258112062.02225879;258112062.02225879;258112062.02225891;3.8218126580114028e-21;9.7578195523695392e-22;258112062.02225867;0.00031265451056549076;0.000929150818254781;0.00051611285476939968;0.0016727373385211715;3.9871252374649287e-05;0.00012922393225504113;0.095299005370575812;0.1294038106341158;5.353599200126801e-05;0.00089145909717830982;
627096;362904;10000;637096;372904;1000000;0.01;0.020516299950022774;0.015696221605535115;0.026816553322034625;0.62709599999999999;0.362904;627442.71029436018;363031.71079855989;9971.4107163314984;637414.12101069186;373003.1215148897;1000445.8318092511;0.0099771335889916376;0.020444814588074602;0.015641010924466084;0.026727027700815444;0.62714567220609085;0.36287719420491737;105453453.13091111;44278576.041745707;12996118.334112914;97505355.889034614;34685087.655950934;140931958.98674458;1.31849520072848e-05;5.4397238609603695e-05;3.1871597887842297e-05;9.3037544391762908e-05;2.8063914119629413e-05;3.096919524257394e-05;627136.08600485849;362944.08600485959;9959.9139951401721;637096;372904;1000040.0860048579;0.009972570094438183;0.020434058300072545;0.015633301723979066;0.026709056473355468;0.62710612744703376;0.36292130245852888;12927154.613038782;12927154.61303881;12927154.613038799;5.5158785525200034e-21;1.5212711732687234e-21;12927154.613038767;1.318854620450096e-05;5.4412793516635023e-05;3.1848808269911068e-05;9.2962727936074925e-05;1.7978285026043294e-06;5.2476387985048544e-06;626296.70297588944;361885.70348008891;11117.418034801718;637414.12101069186;373003.12151488976;999299.82449077908;0.011203350242407952;0.022789343060597027;0.017436761733786482;0.029788387226120865;0.62669230019605593;0.36210434956153609;173286979.39096099;111158804.96120544;83550802.545704216;97505355.889034599;34685087.655950926;205091029.95466307;8.6436804040889136e-05;0.00035022155477691474;0.00020534521899755404;0.00059775992960758569;3.86068387463732e-05;5.9333136883748778e-05;625013.66965662711;360821.66965662671;12082.330343373125;637096;372904;997917.66965662583;0.012253493562958824;0.024788471341990453;0.018964693458086577;0.032400645590750225;0.6262639834023761;0.36148252303466599;146268910.95886126;146268910.95886126;146268910.95886129;2.8324781756183802e-21;8.91078660511524e-22;146268910.95886132;0.00015457430509178928;0.00061567299905889339;0.00036036472374815934;0.001051860009569278;2.1071169418918685e-05;6.1504134578136137e-05;0.0068166460341173643;0.047882907648649956;2.2828771698204821e-05;0.0014463102855212112;
632797;366203;1000;633797;367203;1000000;0.001;0.0020728687298954833;0.001577792258404505;0.0027232892977453889;0.63279700000000005;0.366203;632304.99625000427;365421.30475909682;1862.0624071922966;634167.05865719623;367283.36716628872;999588.36341629282;0.0018670510112128351;0.0038560929480045809;0.0029356444527235265;0.0050656806674762769;0.63255084435764186;0.36558210463114577;99345959.57976903;38981178.109091364;5932196.8877902487;95067501.236060828;34629130.169402406;133866444.95658597;5.9794402957641864e-06;2.5388689946376152e-05;1.4730007162181788e-05;4.3784276611156187e-05;2.7294334363973934e-05;2.8419222109346208e-05;631939.6748796883;365345.67487969209;1857.3251203101938;633797;367203;999142.67487968085;0.0018641124219086489;0.0038499911631403824;0.0029304731961656816;0.0050580336225744598;0.63248001231402418;0.36565587526406695;5895499.0558838239;5895499.0558836693;5895499.0558836674;8.3754617824505217e-21;8.8769052872250679e-22;5895499.0558838435;5.9646980607326378e-06;2.5331690562997348e-05;1.4676422844860952e-05;4.3722816762815468e-05;8.0266208800363818e-07;2.391226238655865e-06;629290.89352351928;362407.20203261165;4876.1651336774439;634167.05865719623;367283.36716628872;996574.26068980701;0.0049360813359028343;0.010098157210183303;0.0076903010988914342;0.013261463795741111;0.63142396723304106;0.36363995143105587;151074873.64599863;88400747.649423674;59373346.222990721;95067501.236060739;34629130.16940245;181573779.22794759;6.1398726392900973e-05;0.00025414748434583533;0.0001476113376347189;0.00043777637044886073;3.5707595143332669e-05;4.943410990412973e-05;627330.78482388565;360736.78482388612;6466.215176113863;633797;367203;994533.78482388577;0.0065909937919330242;0.013403615239342038;0.01020234424605017;0.017609374586029687;0.63074602128533019;0.36266298492273308;116183753.91132604;116183753.91132602;116183753.91132602;2.0193265462542519e-21;5.963111948670274e-22;116183753.91132598;0.00012254247110733799;0.00049921658448777277;0.00028923113784644881;0.00086165410848658343;1.6490389744230951e-05;4.9126840835528364e-05;0.00050610982441774374;0.039608472247241407;1.6792244517103174e-06;0.0014997013893275212;
641996;258004;100000;741996;358004;1000000;0.10000000000000001;0.19402392167220814;0.13477161601949336;0.27932648797220144;0.64199600000000001;0.25800400000000001;642569.7864624178;258374.9766788363;99829.371905987588;742399.15836840565;358204.34858482348;1000774.1350472409;0.099767438376714868;0.19357245112987267;0.13447017770836067;0.27868201492612432;0.64204469381367157;0.25818786780961317;133348857.8699573;38810948.88615267;27823987.361608844;141625724.84152764;31409480.777661182;160343287.11665702;2.9237672208140105e-05;9.007140103982392e-05;4.6251852744574675e-05;0.00019176456247202577;3.094374557803386e-05;3.4569905273115897e-05;642234.52057057805;258242.52057057951;99761.479429420826;741996;358004;1000238.5205705796;0.099763940606082221;0.19356113470717581;0.13445015799198495;0.27866023683931102;0.64207282746114491;0.25816323193277202;23944718.013627555;23944718.013627589;23944718.01362757;5.4210108624275225e-21;9.3851250555776486e-22;23944718.013627525;2.8918179010889333e-05;9.0140566636899756e-05;4.3491721543346082e-05;0.00018682456029070336;3.0631010883297534e-06;1.3157964174465556e-05;642280.98905230733;258086.17926872545;100118.16931609789;742399.15836840565;358204.34858482348;1000485.3376371309;0.10017423824863739;0.19415705058292584;0.1348773215676328;0.27952147432869606;0.64191188574850166;0.25791387600286231;218454495.01522931;112792054.22433424;93415497.352505192;141625724.8415277;31409480.777661126;253838519.6092132;0.00011183290669543359;0.00034677122779212268;0.00017057395223711764;0.00072213781556594581;4.0022616289114899e-05;7.1517546525985763e-05;642481.33763713122;258489.33763713163;99514.66236286817;741996;358004;1000485.3376371309;0.099745598380423392;0.1930822505552936;0.13411751864278013;0.27797081139559393;0.64207879708855875;0.25817560453101757;253838519.60921365;253838519.60921365;253838519.6092135;3.9031278209478157e-21;9.1479558303464443e-22;253838519.60921353;0.00030796287848623851;0.00095558226991121996;0.00046105676439939805;0.0019805315637396372;3.2620360635472585e-05;0.00014012516212246167;0.093092118842402288;0.12736352745023588;7.9620504326103733e-05;0.00077602391653461202;
667902;322098;10000;677902;332098;1000000;0.01;0.021075768149004009;0.01475139474437308;0.030111593565754685;0.667902;0.322098;668475.69055268099;322287.98983473593;9869.9726941966001;678345.66324687854;332157.96252893208;1000633.6530816151;0.0098746574502279819;0.020792851335863224;0.014551641318621982;0.029714402732363709;0.6680306989953948;0.32209464355437711;121175571.94684732;36517894.339955531;11202412.486598494;111705154.40402591;26952059.509495027;150791779.63125446;1.1403874650847487e-05;4.9618686999696062e-05;2.4389434671611777e-05;0.00010119360129717926;2.4744712791812708e-05;2.7726091810685775e-05;668040.46804083115;322236.46804083249;9861.5319591677235;677902;332098;1000138.4680408305;0.0098714239884171891;0.020783936116541221;0.014547135071393403;0.029694644229015878;0.66794427706563864;0.32218429894594486;11165685.515315453;11165685.515315471;11165685.515315477;5.7869290956413798e-21;1.3349239248727774e-21;11165685.515315454;1.1389211520508788e-05;4.9596635519619884e-05;2.4296938883193643e-05;0.00010124017131094247;1.2313554345560345e-06;5.130795930237256e-06;667930.42503282975;321742.72431488364;10415.238214049046;678345.66324687854;332157.96252893208;1000088.3875617614;0.010494192891855577;0.021941700676737456;0.015359982780467588;0.031347383440844347;0.66782568397318365;0.32168012313496064;191196600.02100936;101083064.81575197;77843265.146972209;111705154.40402611;26952059.509495035;218737125.52083871;8.0770965315642363e-05;0.00034588691230659588;0.000169835675293309;0.0007050453896964194;3.3160815362875708e-05;5.7215283831680185e-05;666283.24933666398;320479.24933666346;11618.750663336048;677902;332098;998381.24933666456;0.011788936250741384;0.024487409516155679;0.01713927774713166;0.034985909771621734;0.66731378004851438;0.32089728370074383;149641207.07364747;149641207.07364753;149641207.07364756;3.3474742075489949e-21;7.8265844326297355e-22;149641207.0736475;0.00015853947646344091;0.00066468828947113324;0.00032562472386389921;0.001356808896196488;1.7140646267161987e-05;7.1421423612670474e-05;0.0045479172938667854;0.045714722727756889;3.9687354044710542e-05;0.0012852193974346737;
673973;325027;1000;674973;326027;1000000;0.001;0.002131719292989877;0.001481540743111206;0.0030672306281381602;0.67397300000000004;0.32502700000000001;673617.28928668739;324451.41646522295;1705.6401727425325;675322.92945943074;326157.05663796543;999774.34592465346;0.0017103210841919528;0.0036336538916822421;0.0025264777224189585;0.0052266587639326172;0.67374874180322997;0.32454093711257787;118588836.79881677;30208092.811037183;4887558.749772693;114059343.79196091;26382920.20527631;146787029.49157861;4.9339316418431546e-06;2.2171811162110143e-05;1.0732765362333567e-05;4.5831254413985209e-05;2.4196103712485726e-05;2.5206630084033792e-05;673271.30047492124;324325.30047492502;1701.6995250757955;674973;326027;999298.30047492043;0.0017072931662133479;0.0036275457084757826;0.0025211371789327403;0.0052195049032006217;0.67374263369720289;0.32455007313658701;4866159.3386377897;4866159.3386377543;4866159.3386376854;8.795590124288655e-21;8.6397360619938636e-22;4866159.3386378922;4.9178904229214729e-06;2.211293335417901e-05;1.0681039571453776e-05;4.5780358574198883e-05;5.2169638624568946e-07;2.2360602139347238e-06;670932.33958364453;321766.46676217945;4390.5898757856439;675322.92945943086;326157.05663796538;997089.3962216106;0.0044453844280986886;0.0093552515108794396;0.0065076653040453281;0.013450575342861119;0.67285646922413034;0.32269814634777005;167083305.71770719;73827906.690481588;51370140.947157636;114059343.79196091;26382920.205276307;192418730.09252849;5.3298356457554382e-05;0.00023342121625337549;0.00011314602885746559;0.00048181904307430712;3.0443411542200749e-05;4.5316885588804306e-05;668817.67317817605;319871.67317817622;6155.3268218236899;674973;326027;994844.67317817686;0.0062781291801275807;0.013121428940739614;0.009119367473696998;0.018879806954097942;0.67225390647131555;0.32146796434855085;114426522.00385989;114426522.0038598;114426522.00385986;2.2632720350634906e-21;5.7937053592194148e-22;114426522.00385988;0.00012097862436319318;0.00051998010729550469;0.00025116197898468256;0.0010765137027349343;1.2833574096951616e-05;5.5006408319767837e-05;8.8390487906635069e-05;0.037356439654252886;1.0337805803899003e-06;0.001329830860844265;
674208;225792;100000;774208;325792;1000000;0.10000000000000001;0.19911361846153752;0.12916425560056213;0.30694430802475198;0.67420800000000003;0.22579199999999999;674673.56471857463;225951.51365066876;99928.579377533024;774602.14409610722;325880.09302820172;1000553.657746775;0.099891340915554225;0.19888259336751371;0.12901214410610426;0.3066269752094517;0.67426822378287576;0.22584043530157014;153214036.82074073;34003586.975747302;27007991.155497666;160375706.1201655;26308812.168165799;179702642.5844751;2.8806273994490801e-05;9.2417590892399361e-05;4.2096942269783004e-05;0.00022201633155906946;2.8115930433648904e-05;3.1121244638604143e-05;674323.95837246347;225907.95837246196;99884.041627537736;774208;325792;1000115.9583724627;0.099897913201201297;0.19888272955021913;0.12901447883196485;0.30658838040080122;0.67423823551123085;0.2258638512875677;23164081.696832571;23164081.696832556;23164081.696832526;5.3532482266471784e-21;6.0308745844506181e-22;23164081.696832605;2.8001599894561382e-05;9.1836858150046188e-05;3.8645575466050287e-05;0.00021823995148631927;2.4562824602349619e-06;1.3871160113252797e-05;674342.19305378117;225620.14198587555;100259.95104232564;774602.14409610722;325880.09302820172;1000222.2860819828;0.10033596312207789;0.19956229647783902;0.12946076773879034;0.30765669270939583;0.67413374681007343;0.22553029006784894;235330061.67799622;94362530.425510466;84719136.154024854;160375706.12016544;26308812.16816581;264466465.89296633;0.00010211570378801766;0.00032942597255089642;0.00014414881476644624;0.00077284284433301793;3.6433433807903596e-05;6.3077344624394959e-05;674430.28608198278;226014.28608198286;99777.713918017413;774208;325792;1000222.2860819828;0.10004678613799971;0.19867101660036521;0.12887714143746545;0.30626201354857441;0.67419414313684467;0.22575907072515583;264466465.89296636;264466465.89296657;264466465.89296654;4.1470733097570544e-21;6.6068569885835429e-22;264466465.89296636;0.0003211392950526877;0.0010485099142513161;0.00044122011395356895;0.0024916657367052642;2.8170133874505746e-05;0.00015908285944754723;0.090812589308111827;0.12525649430976624;0.00011638079429749642;0.00066520111428177906;
703629;196371;100000;803629;296371;1000000;0.10000000000000001;0.2049058450275586;0.12443552933007644;0.33741492926096006;0.70362899999999995;0.19637099999999999;704219.19269853679;196646.27238994534;99880.817053765015;804100.0097523008;296527.08944371104;1000746.2821422474;0.09982563632111735;0.20453959136086619;0.12422261141215611;0.33682409588386508;0.7036604775331109;0.19651388614577159;162386259.719836;30300083.969066598;25196815.154282618;168101742.08722627;21576448.386430223;180345589.14021698;2.7274049635466398e-05;9.19307573154481e-05;3.7049305916236127e-05;0.00025185024901933539;2.5645336793518624e-05;2.8903993240463991e-05;703811.14363254677;196553.14363254749;99817.856367452565;803629;296371;1000182.1436325466;0.099823549781937831;0.20453262207812312;0.12420887793677515;0.33680034945204673;0.70367654066143481;0.19649990955662827;21738962.901098877;21738962.901098881;21738962.901098862;5.7462715141731733e-21;3.8624702394796097e-22;21738962.901098877;2.629472205643002e-05;9.1274090774236578e-05;3.3661047021512831e-05;0.00024749555892718603;1.9087745035724865e-06;1.4034418249845759e-05;704216.98456338677;196644.06425479605;99883.025188913933;804100.0097523008;296527.08944371104;1000744.074007098;0.099900393883098404;0.20457000398313957;0.12424657619051906;0.33685925662702504;0.70363841274412919;0.19646119337277335;237757251.99288356;83446391.768437728;73394033.359051108;168101742.08722633;21576448.386430234;260665671.0078676;8.8991027654276346e-05;0.00030500849010481747;0.00011706973697996008;0.00081926305723875928;3.1275451911928385e-05;5.8736068457333425e-05;704373.07400709682;197115.07400709813;99255.925992902077;803629;296371;1000744.0740070977;0.099468205864809853;0.20338119389568415;0.12350963690073651;0.33490431247626107;0.70377228032694583;0.19675951380824405;260665671.0078676;260665671.00786763;260665671.00786763;4.4452289071905684e-21;6.7762635780344031e-22;260665671.0078676;0.00031556185303581555;0.0010944414517629459;0.00040361996331694859;0.0029676482835324794;2.2907122504744629e-05;0.00016842646291132787;0.088265016352583589;0.12290220307381125;0.00016951074410967752;0.00055166442234303023;
706195;283805;10000;716195;293805;1000000;0.01;0.021799913303072693;0.013962677762341261;0.034036180459828799;0.70619500000000002;0.28380499999999997;706786.26963787223;283984.12346134131;9905.2882087614562;716691.5578466343;293889.4116701032;1000675.6813079774;0.0099101781760661325;0.021583943487869767;0.013823994257806546;0.033703844914747046;0.70628360547480951;0.28380621634912534;137451781.92406347;30001140.634767883;10878746.301608985;126789550.9737857;20531123.013146214;159657115.21174175;1.109119245367108e-05;5.1587011532005866e-05;2.1238765690761703e-05;0.00012562576518947103;2.1719341456559137e-05;2.4961276050130326e-05;706298.36667055194;283908.36667055119;9896.6333294484939;716195;293805;1000103.3666705526;0.0099065601258873821;0.021574574857427663;0.01381835021111358;0.033684359794586519;0.70622218128932035;0.28387125858479229;10849490.184642339;10849490.184642332;10849490.184642348;5.8140341499535174e-21;1.2841019480375193e-21;10849490.184642348;1.1072938041459653e-05;5.1560707045096442e-05;2.1151772259488801e-05;0.00012568717544685369;9.3699761839451166e-07;5.5677880137728624e-06;706220.87385076657;283418.72767423646;10470.683995866857;716691.5578466343;293889.4116701032;1000110.2855208715;0.010544535978691172;0.02281506556685178;0.014618773786680089;0.035610895249648673;0.70609716979640791;0.283358294224901;203725932.76477778;87842170.531678483;71807816.080529153;126789550.97378589;20531123.013146233;222843226.17044604;7.4343718667164817e-05;0.00034101451856554543;0.00014042082503923015;0.0008288061382787414;2.8227755185198277e-05;5.4013615834594548e-05;704459.10015906941;282069.10015906958;11735.899840930153;716195;293805;998264.10015906987;0.011904661074724522;0.025584159906582211;0.016386458773001995;0.03994452048443746;0.70564094163657543;0.28245439728869998;147276581.13308308;147276581.13308313;147276581.13308316;3.2119489359883067e-21;6.742382260144231e-22;147276581.13308311;0.00015569631042937788;0.00069991165715373768;0.0002871250768715998;0.0017061426091973233;1.3175100548644458e-05;7.8288530808312906e-05;0.00239192027955648;0.043290330606945704;6.4550999628561849e-05;0.0011177261933932813;
712615;286385;1000;713615;287385;1000000;0.001;0.0022081875993115547;0.0014013158355695998;0.0034796527306574804;0.712615;0.286385;712404.04754302965;285817.16418520123;1685.2082533398368;714089.25579636812;287502.37243854121;999906.41998157138;0.0016904590609048719;0.0037199074165272595;0.0023614679835379676;0.0058605215827509435;0.71244657502261532;0.28586296591647986;133652537.08770908;24087148.491739467;5009312.8882619711;128382292.30138439;19632832.369561322;154612168.27684432;5.0695936182414222e-06;2.4427865685245885e-05;9.8544705410387814e-06;6.0592248170795991e-05;2.0755649802682874e-05;2.2310472886066363e-05;711933.06538131356;285703.06538131466;1681.9346186844507;713615;287385;999318.06538131007;0.0016876432400506714;0.0037140271678318361;0.002356921615555238;0.0058525483886927776;0.71241757906839265;0.28589477769155863;4998357.151601146;4998357.1516011702;4998357.1516011739;3.564314642046096e-21;7.8604657505199075e-22;4998357.151601119;5.0552147828926058e-06;2.437245168805334e-05;9.8152043165730123e-06;6.0520024049169147e-05;4.1667711676551017e-07;2.5692087820125952e-06;709854.13146701059;283267.24810918409;4235.1243293569023;714089.25579636812;287502.37243854121;997356.50390555349;0.0042857811021017878;0.009347868734222102;0.0059377872880276225;0.014718096433932249;0.71169998302139215;0.28401423587650537;177824114.50816333;63198052.126090288;46981453.88461601;128382292.30138442;19632832.369561311;195922508.33529571;4.8638560775602099e-05;0.00022902245919153246;9.2545658318761486e-05;0.00056703497642058166;2.5316483459360706e-05;4.2396212496898731e-05;707362.06834764068;281132.0683476397;6252.9316523601092;713615;287385;994747.06834764022;0.0063741172633063909;0.013807646134084283;0.0087623321431865991;0.021758030698749441;0.71107210220807349;0.28255378052861951;112835081.68450771;112835081.6845077;112835081.68450767;2.5478751053409354e-21;4.9466724119651137e-22;112835081.68450776;0.0001191329938744008;0.00055019429257716849;0.00022157267822606145;0.001366205265053695;9.8195614887059046e-06;6.0546890139141744e-05;1.5035504039345281e-05;0.034896603820528969;9.9313715338207439e-07;0.0011566676839576938;
730182;169818;100000;830182;269818;1000000;0.10000000000000001;0.21128948483271695;0.12045551457391271;0.37062019583571149;0.730182;0.169818;730696.99927319237;170053.38912498919;99898.012265152545;830595.01153834583;269951.4013901421;1000648.4006633346;0.099849337173232633;0.21095523884288883;0.12027885901142153;0.37003247864612648;0.73019014243828939;0.16996052038847803;172745988.4241285;24844216.655899569;23956429.87155322;184763474.36833042;18327049.02310431;189993230.05632168;2.5241920194749267e-05;8.9399822585231649e-05;3.2302268285057266e-05;0.00027503044021187916;2.2535776160420803e-05;2.5207872477356381e-05;730344.47355053958;169980.4735505392;99837.526449461031;830182;269818;1000162.4735505395;0.099843016715359681;0.21094619530479342;0.12025980622256437;0.37001803604452238;0.73022050628717827;0.16993647699746292;19771686.699491136;19771686.699491113;19771686.699491125;5.6514038240806916e-21;4.1674021004911576e-22;19771686.699491113;2.390031317426263e-05;8.8267228108628381e-05;2.8687790091587029e-05;0.00027158256293381949;1.438003883718141e-06;1.361334487606589e-05;730624.85975245247;169981.24960424981;99970.151785892202;830595.01153834572;269951.40139014216;1000576.2611425952;0.09999535432531291;0.21113533022736289;0.12038702412669997;0.37033158462199045;0.73015245068710122;0.16985219498758591;244001012.02175972;71681275.975195736;66092643.589593492;184763474.36833036;18327049.023104325;265949099.25520888;7.9949501071710779e-05;0.00028906545846125618;9.8584251982753026e-05;0.00087672932284931816;2.6859560510663055e-05;5.3250133471691592e-05;730758.26114259474;170394.26114259521;99423.738857404809;830182;269818;1000576.2611425951;0.099658403464085166;0.21007190563323674;0.11976137624931023;0.36848445566050048;0.73026578990375235;0.17007580663216229;265949099.25520846;265949099.25520867;265949099.2552087;4.8246996675604945e-21;6.0647559023407902e-22;265949099.25520846;0.0003215175111467161;0.001187283116814103;0.00038587966977427608;0.0036530589971127412;1.9344659893839807e-05;0.0001831326949994926;0.085741423156120586;0.12057056445319664;0.00023395281084036181;0.00044930160852370152;
741629;248371;10000;751629;258371;1000000;0.01;0.022692186952979154;0.013304436098128199;0.03870403412147648;0.74162899999999998;0.24837100000000001;742153.51798348851;248632.06444754382;9945.9694186187626;752099.48740210698;258578.03386616264;1000731.5518496525;0.0099488592002114299;0.022552264426052335;0.013225644256899321;0.038460627361981747;0.74158554591803261;0.24846559488175507;150132005.40572941;26090103.066965524;10486408.548917586;141755632.88248307;17367123.945305686;169331293.75664738;1.0660986211573982e-05;5.3701201529176559e-05;1.853468910153385e-05;0.00015601348012130172;1.9207865369520153e-05;2.3192257091834388e-05;741694.73461565608;248436.73461565649;9934.2653843434236;751629;258371;1000065.7346156554;0.0099441349979741689;0.02254302073420307;0.013216979898784427;0.038449614640743167;0.74164329098657333;0.24841257401545289;10420422.729998745;10420422.729998713;10420422.729998702;6.3561352361962694e-21;5.4803031687353234e-22;10420422.729998752;1.0634937189140595e-05;5.3658440121666305e-05;1.8444983938452407e-05;0.00015609816771312547;6.9595268375363187e-07;5.8897822362695914e-06;741412.72465189476;247891.27111595034;10686.762750212662;752099.48740210698;258578.03386616264;999990.75851805869;0.010762358459491455;0.024234358146359929;0.014220455040442538;0.041304954752605198;0.74137490334780354;0.2478627381927043;220681467.46143931;83448791.239775732;70947395.236556172;141755632.88248298;17367123.945305668;236778457.29752904;7.3467949676408293e-05;0.00036493753832097115;0.00012607614449809028;0.0010572834817845645;2.4681210491791616e-05;5.4132322502289681e-05;739633.71122211881;246375.71122211849;11995.288777881471;751629;258371;998004.71122211986;0.012175909064363949;0.027219933550265953;0.015959055302391844;0.046426606615608886;0.74107237445458518;0.24675171648105174;156109805.81333214;156109805.8133319;156109805.81333202;3.7540500222310594e-21;3.2187251995663413e-22;156109805.81333214;0.00016541445032990437;0.0008038645729337541;0.00027632687612301845;0.0023385284149135309;1.0824758867055631e-05;9.1608918214410208e-05;0.00083048746845005011;0.04065214186245892;8.6704894610543186e-05;0.00094872981292905831;
748371;250629;1000;749371;251629;1000000;0.001;0.0023028794961397437;0.0013344524941584343;0.0039741047335561481;0.74837100000000001;0.25062899999999999;748231.99323559133;250166.26237911821;1623.9804619364893;749855.97369752731;251790.24284105439;1000022.2360766461;0.0016276992398263945;0.0037366594628349039;0.0021652104322018185;0.0064494254273052111;0.74819165267568455;0.25018064808448892;144628886.85175604;20567213.895487923;4593501.4319104981;141807129.39374259;16428783.042383442;162688086.37082076;4.6292825919585515e-06;2.4269755945074571e-05;8.1574582423586771e-06;7.2253149360268336e-05;1.8066310610294778e-05;2.0375214920923181e-05;747750.00940125145;250008.00940125153;1620.9905987485654;749371;251629;999379.00940125191;0.0016262055078142799;0.0037329460132933512;0.0021631349475073926;0.0064419864115366774;0.74821358594832643;0.25016020854385979;4568389.2452769727;4568389.2452769773;4568389.2452769643;5.8817967857338615e-21;5.2685449319217481e-22;4568389.2452769848;4.6196311034070176e-06;2.4227328418609982e-05;8.13522063523464e-06;7.2150894071757186e-05;2.9191776489161904e-07;2.5890051022262876e-06;745584.74259608588;247519.01173961427;4271.2311014403213;749855.97369752731;251790.24284105439;997374.98543714266;0.0043195316669118137;0.0098298955329673213;0.0057034719083299875;0.016943824905512113;0.74751279853837671;0.24816766979471111;189822010.10353863;56917622.038997941;44535244.578396164;141807129.39374271;16428783.042383438;204289874.61962786;4.5999098421207725e-05;0.00023580069061367683;7.9536668942649366e-05;0.0006994440402470891;2.1895531098654461e-05;4.0321197484164393e-05;742976.61412290717;245234.61412290647;6394.3858770933748;749371;251629;994605.61412290717;0.0065205788569108114;0.014725500126763887;0.0085330041822987163;0.025411959182341348;0.74698325001280408;0.24649617113028593;117577297.60517855;117577297.60517862;117577297.60517858;2.7376104855258989e-21;2.3208702754767831e-22;117577297.60517855;0.0001241254525792985;0.00062354227074637491;0.00020937735520274809;0.0018569580412888869;7.8435753574319411e-06;6.9564305644869454e-05;2.370497377692793e-06;0.03215772151213217;9.9813119075771616e-07;0.00097787711975884134;
753890;146110;100000;853890;246110;1000000;0.10000000000000001;0.21813954655365161;0.11711110330370422;0.40632237617325584;0.75388999999999995;0.14610999999999999;754456.58440090122;146250.59667026048;99921.746797056257;854378.33119795681;246172.34346731642;1000628.9278682159;0.09987750845340708;0.2178678020853094;0.11696138613600078;0.40587504367132915;0.75394822069709855;0.14617427084949461;184303241.64315355;22501658.950194817;22839513.199954428;193791631.0509339;15180411.968903944;198071178.0769963;2.4561482369961554e-05;9.1594690549164824e-05;2.9752320597558205e-05;0.00031451232359473925;2.0055062240223633e-05;2.2819782863078477e-05;754008.82287515071;146228.82287515077;99881.177124849259;853890;246110;1000118.8228751518;0.0998900436900787;0.21788034687259569;0.11697194852363776;0.40583957224350548;0.75391460122493981;0.14619535508498077;18872466.881114572;18872466.881114546;18872466.881114569;5.7056139327049669e-21;5.166900978251232e-22;18872466.88111458;2.2812988366962669e-05;8.9804372780868114e-05;2.5883608175642588e-05;0.00031158041474891446;1.1419716685807391e-06;1.3746769913737622e-05;754300.07523354935;146094.08750290988;100078.25596440669;854378.33119795669;246172.34346731636;1000472.4187008654;0.10010796342855749;0.21823297850065676;0.11716376563465303;0.40653351963677692;0.75389456591383497;0.14599747065760826;248259373.66640291;61564545.335916691;59140102.005241267;193791631.05093396;15180411.968903963;264789607.68068066;7.1978930860842598e-05;0.0002747090065541686;8.4108054487181194e-05;0.00093165704927595887;2.3486794296818834e-05;4.7809594181714345e-05;754362.41870086512;146582.41870086655;99527.581299133672;853890;246110;1000472.4187008651;0.099771401079702754;0.21710901454174752;0.11655784855090655;0.40440283328240928;0.75394114589115824;0.14628745302913862;264789607.68068102;264789607.68068087;264789607.68068084;5.0144350477454579e-21;6.1325185381211343e-22;264789607.68068099;0.00032021139416358051;0.0012599976879785282;0.00036315922541357317;0.0043716201120961584;1.60291292929035e-05;0.00019295465760630425;0.083227839736658968;0.11824875900292646;0.0003121739164008955;0.00035934966777646289;
773992;216008;10000;783992;226008;1000000;0.01;0.023756490216681084;0.012755232196246901;0.044246221372694773;0.77399200000000001;0.21600800000000001;774576.24032032012;216148.82979466004;9941.3158385019851;784517.55615882215;226090.14563316182;1000666.3859534806;0.0099440357493252966;0.023602198590711543;0.012673274330328306;0.043960986204998442;0.77403462676433976;0.21602133748633515;162677666.043385;20835574.454240836;9737726.0261950232;154997201.72888118;13214955.516592393;178171460.53296578;9.9018298329512193e-06;5.4688307571254099e-05;1.583125925958604e-05;0.00018943815467038701;1.5802056865728478e-05;1.965566767167039e-05;774059.73627824348;216075.7362782422;9932.2637217578267;783992;226008;1000067.7362782431;0.0099413661963578988;0.023595572593543602;0.012668833000538018;0.04394651393648815;0.77400512050365711;0.21605351329998523;9684269.0134029184;9684269.0134029612;9684269.0134029556;6.1663998560113067e-21;4.6840921983162813e-22;9684269.0134029128;9.876638314124908e-06;5.465518916006232e-05;1.5755913315043203e-05;0.00018959165631294274;4.9455435064061641e-07;5.9509960863521682e-06;773990.79022268753;215563.37969702744;10526.765936134361;784517.55615882215;226090.14563316182;1000080.9358558501;0.010596247538939872;0.024992935199309278;0.013429630426815449;0.046518402945131605;0.77388596068497661;0.21551779177608374;229845421.05348751;73121508.512039438;65462275.234612569;154997201.72888124;13214955.516592395;241900600.39244929;6.768887829175823e-05;0.00036878598620205784;0.0001069282386039875;0.0012731544812787897;1.9982362775311076e-05;5.019200303648191e-05;771887.0540469581;213903.0540469579;12104.945953041954;783992;226008;997895.05404695799;0.01228553187578617;0.028757103010689448;0.01544013963540693;0.053559811834280074;0.7734805658532854;0.2142339022709305;155072766.94992441;155072766.94992429;155072766.94992438;3.9031278209478157e-21;2.7952087259391913e-22;155072766.94992441;0.00016418431941955225;0.00087518545793102969;0.00025229710886855481;0.0030359031429607122;8.2212253697479116e-06;9.892639694103433e-05;0.00014959070228045567;0.037811245948852622;9.7436063246549836e-05;0.00078212064009261137;
774856;125144;100000;874856;225144;1000000;0.10000000000000001;0.22532092415300081;0.11430452554477537;0.44416018192801054;0.77485599999999999;0.12514400000000001;775594.99932329264;125339.12379486105;99844.94095758062;875439.94028087112;225184.06475244192;1000779.0640757317;0.099786616867392861;0.2248733457126649;0.11405960269970457;0.4433961538516179;0.77495891973255127;0.12525446340005636;192182267.2631034;22742773.624527436;20904072.834508769;204754656.57043576;12563401.048989058;208453258.5276157;2.2725670227784188e-05;9.1880451474286214e-05;2.5779454573073714e-05;0.00036793200452400851;1.65773643881913e-05;2.2679798803271675e-05;775037.88409728941;125325.88409728956;99818.11590271056;874856;225144;1000181.8840972901;0.09982001634221517;0.22491110122410068;0.11409662379032713;0.44335232519059209;0.77489283840058887;0.1252871452571955;18266910.293852121;18266910.293852087;18266910.293852072;6.2612675461037884e-21;3.8031779331718086e-22;18266910.293852139;2.2093715971363329e-05;9.2740224669888294e-05;2.3866676507993754e-05;0.00036036644100575555;9.2555909254587718e-07;1.3975152175442614e-05;775668.45355449128;125412.57802606196;99771.486726380026;875439.94028087112;225184.06475244192;1000852.518306933;0.09975932058057331;0.22473109061841268;0.11399017998123932;0.4431049323318208;0.77496363619410591;0.12527704322532074;248912367.25787625;60905630.459293507;55472351.577944323;204754656.57043582;12563401.048989054;268777936.61371917;6.7351364241008489e-05;0.00027751395742094511;7.4304601813996639e-05;0.0010778962866724369;1.8841537771076105e-05;4.934338859853387e-05;775708.51830693323;125996.51830693305;99147.481693066889;874856;225144;1000852.518306933;0.09935768022605064;0.2234000220252455;0.11333005853885325;0.44037363506496791;0.77498746767562166;0.1256548520983255;268777936.6137194;268777936.61371928;268777936.61371928;4.7975946132483569e-21;3.5321273900504323e-22;268777936.6137194;0.00032507192916206859;0.0013645726522374497;0.00035117247320170278;0.0053024045599520727;1.3618047781430573e-05;0.00020562089618119932;0.080682747501529345;0.1158983674146135;0.0004038234167705967;0.00027890725621311762;
781029;217971;1000;782029;218971;1000000;0.001;0.0024165471320505014;0.0012787249577701082;0.0045668147836928179;0.78102899999999997;0.217971;780966.40672235575;217397.88392395581;1603.7542894947064;782570.16101185104;219001.63821345058;999968.04493580689;0.0016075912612205331;0.0038723150405500098;0.0020497805256359035;0.0073162320596714603;0.78096678484343807;0.21742562389534215;158712495.67158753;15926615.680743027;4328816.34079138;155129862.24578369;12465576.00068862;172702730.09610942;4.3653986751857189e-06;2.5219078885509372e-05;7.0674958399755782e-06;9.0046769865516279e-05;1.4978150765879715e-05;1.6813813008649284e-05;780428.06389724219;217370.06389724292;1600.9361027573545;782029;218971;999399.06389724277;0.00160587184376532;0.0038687375477143957;0.0020471569503910424;0.0073111786618198565;0.78089646417232583;0.21749766398390821;4312202.2319612019;4312202.2319611814;4312202.2319611786;6.0986372202309626e-21;4.6840921983162813e-22;4312202.2319612242;4.3575553384176169e-06;2.5181967552601625e-05;7.0510436530623973e-06;8.9934415530794028e-05;2.0852011682885939e-07;2.6596254052791593e-06;778502.00284667476;214933.48004827366;4068.1581651769461;782570.16101185104;219001.63821345058;997503.64106012625;0.004113322878698554;0.0098254772808765538;0.0052071986369737269;0.018542111837112386;0.78041659176770528;0.21547008535359685;201221803.44101894;48959613.227376871;40375750.234842032;155129862.24578357;12465576.000688616;212198101.51812452;4.1703290616251615e-05;0.00023540529513157689;6.6293341834718989e-05;0.00083640310453388664;1.7765458394749625e-05;3.6402443628221806e-05;775514.84845551767;212456.84845551738;6514.1515444826873;782029;218971;994485.8484555186;0.0066407981681798275;0.015741754232561987;0.0083298081586267187;0.02974892357655895;0.77979506272159038;0.21356413911022459;117906832.99397323;117906832.99397321;117906832.99397323;2.4801124695605913e-21;1.7279472123987726e-22;117906832.99397323;0.00012446448072192824;0.00068854053751878357;0.0001927938862126935;0.0024590410054997148;5.9559422762499768e-06;7.5966653151701775e-05;0;0.029301918749328613;1.0000000000000152e-06;0.00080761460578608613;
793239;106761;100000;893239;206761;1000000;0.10000000000000001;0.23269221285228894;0.11195212031718274;0.48365020482586174;0.79323900000000003;0.10676099999999999;793362.40532882616;106875.52333641823;99904.317338140754;893266.72266696708;206779.84067455941;1000142.2460033851;0.099909440914163747;0.23245055817067176;0.11185104638187465;0.48313716516374428;0.79321749237023254;0.10687306671560383;199899821.69374627;19754047.193399329;19884049.364933334;212270837.23784906;11042028.69066564;212520319.45969811;2.1586599829142207e-05;9.1338523960712964e-05;2.368752809220764e-05;0.00039995785447649248;1.5234702593926481e-05;2.0053385197770127e-05;793346.03518243425;106868.03518243395;99892.964817566128;893239;206761;1000107.0351824339;0.099900766582178543;0.23244315031775317;0.11183229216096274;0.48313252894678538;0.79325765236427459;0.10684158105354682;16831776.331170782;16831776.331170794;16831776.331170801;6.7627110508783339e-21;2.0074680849926917e-22;16831776.331170768;2.0346171249862227e-05;9.1136773810299992e-05;2.1095731925936313e-05;0.00039372473871541813;7.1884386927149005e-07;1.3416297457692355e-05;792849.88489494089;106363.00290253294;100416.83777202622;893266.72266696719;206779.84067455941;999629.72556949966;0.10052105706376319;0.23366720106918457;0.1124402617612945;0.48564954926506854;0.79310134356471806;0.10637759937151754;252497843.79351133;51074873.46097707;48368569.222807653;212270837.23784903;11042028.690665636;267954647.96916652;5.9154689030383554e-05;0.00025687636239057535;6.2931108106604897e-05;0.0010990933246040279;1.7073887351482868e-05;4.2702570617785003e-05;792868.72556949942;106390.72556949945;100370.27443050058;893239;206761;999629.72556949966;0.10070282864905646;0.23355381261824731;0.1123666503931206;0.48544103786739567;0.79310689313244831;0.10619027821849586;267954647.96916616;267954647.96916631;267954647.96916631;5.2583805365546967e-21;2.4309845586198418e-22;267954647.96916616;0.00032622456388773302;0.0014508582851211042;0.00033583498916854836;0.0062679286893722276;1.152573252611599e-05;0.00021511299267931946;0.078530493282606847;0.11391116004754906;0.0004908902673081421;0.00021904790230146596;
803201;186799;10000;813201;196799;1000000;0.01;0.024997098661472202;0.012297082763056121;0.050813266327572805;0.80320100000000005;0.18679899999999999;803445.79693437193;186800.45989006659;10116.758351998154;813562.55528636847;196917.21824206476;1000363.0151764358;0.010121963339547428;0.02527910560792386;0.012437023211434497;0.051387664668917948;0.80312888734980492;0.18674914931064746;174722802.99703872;17418875.31453025;7865396.7607044298;168582261.5337339;9657347.8156094905;188491933.66633254;8.0229279566685462e-06;4.9104651956888774e-05;1.1898153273142828e-05;0.00020340284584659062;1.2327173834221766e-05;1.7005900738735905e-05;803090.60275592958;186688.60275592835;10110.397244071333;813201;196799;999889.60275592946;0.010119445507885391;0.025273059741672772;0.012432839167771959;0.051374230784055418;0.80317772598365678;0.18670282850845749;7863475.0141533948;7863475.014153406;7863475.0141534153;6.7627110508783339e-21;3.8031779331718086e-22;7863475.0141533939;8.0261063848063944e-06;4.9135312198877213e-05;1.1891008871640412e-05;0.00020303398399097153;3.047248970509175e-07;5.2030496770582637e-06;802933.53461618;186288.1975718755;10629.020670189071;813562.55528636824;196917.21824206476;999850.75285824458;0.010690585107591069;0.026559252059952975;0.013070721493186022;0.05397414250112003;0.80301703624615939;0.18629237864624931;228067220.17130569;64708970.456714757;56504667.68421717;168582261.53373405;9657347.8156094775;240487175.05927125;5.8251003305973627e-05;0.00035287288506959195;8.5632893900350817e-05;0.0014556735626962726;1.4678483792745308e-05;4.7849712532942996e-05;800848.80484022992;184446.80484022936;12352.195159770486;813201;196799;997647.80484023003;0.01253689281527065;0.030876904109454227;0.015189596618511905;0.062765538238357427;0.8027066851790573;0.18475642200567305;156758564.28778854;156758564.28778845;156758564.2877886;4.2419409998495361e-21;2.3971032407296697e-22;156758564.28778854;0.00016576492383647848;0.00097951363516317704;0.00023704754899032157;0.0040474873735554103;6.293549690089586e-06;0.0001074597185838062;3.8693359578663159e-06;0.035112362905919361;9.9929876103397171e-05;0.00063764271353384183;
809238;90762;100000;909238;190762;1000000;0.10000000000000001;0.24011278082031134;0.10998220487925053;0.52421341776664121;0.80923800000000001;0.090761999999999995;809243.72938116698;90808.259819583778;100010.97605125551;909254.70543242164;190819.23587083913;1000062.9652520065;0.10002428837764429;0.24009623953939402;0.11000296901154596;0.52410062777395761;0.80916143764375081;0.09081427397860424;208886576.75919366;16986788.434085429;18377753.251192287;221535596.61730534;9371472.5657479074;221316974.65536129;2.0077134728136048e-05;8.8667204899541761e-05;2.1345985645341813e-05;0.00042163726494279198;1.3284204530808348e-05;1.7301251241517637e-05;809256.64164518146;90780.641645180833;99981.358354819095;909238;190762;1000018.6416451817;0.099996175035202542;0.24006801984767651;0.10996170238685472;0.52411569576130956;0.80923866332539485;0.090765161639402084;15168305.789093373;15168305.78909336;15168305.789093344;6.5187655620690952e-21;1.4145450219146816e-22;15168305.789093362;1.8345053093420209e-05;8.7451573949066781e-05;1.8347712204804276e-05;0.00041682459920896982;5.5171823321587526e-07;1.253397311171423e-05;808828.95444295928;90393.484881376207;100425.75098946301;909254.70543242164;190819.23587083913;999648.19031379954;0.10052296652072852;0.24111664979943542;0.11047452575226682;0.5263087659686172;0.80907374024182144;0.090403293237449417;257123083.35922596;42716583.619605429;41671337.286867335;221535596.61730525;9371472.5657479074;271989692.40523863;5.1519943187297191e-05;0.00023470043588966566;5.2973284441661294e-05;0.0010962667404970654;1.4708876264445834e-05;3.6560199266578514e-05;808886.19031379931;90410.190313798652;100351.80968620132;909238;190762;999648.19031379954;0.10068717462017894;0.24095752084104419;0.11036913292911338;0.52605765134671045;0.8091188301773683;0.090193995202452401;271989692.40523899;271989692.40523875;271989692.40523863;5.4616684438957289e-21;1.6940658945086008e-22;271989692.40523899;0.00033158911265059705;0.0015681333848018596;0.00032900105445611869;0.0074742687879686392;9.972375574689579e-06;0.00022655312039355339;0.076523597610021338;0.1120584990050655;0.00058010917910514064;0.00017008843474223504;
810502;188498;1000;811502;189498;1000000;0.001;0.0025500746111885154;0.0012322828532770097;0.0052771005498738772;0.81050199999999994;0.188498;810145.09766516613;187979.13263090211;1638.4591694883993;811783.5568346529;189617.59180039025;999762.68946555629;0.0016429853587403198;0.0041784356757110439;0.0020197541053314965;0.0086452593868205623;0.81031200127321568;0.18804501336804386;172982026.3180587;11974931.37106237;3550614.9272890114;168606065.0827125;8404838.2882232033;183081011.44592187;3.5881567279918617e-06;2.3125343675960147e-05;5.404265113247592e-06;9.9015863115192504e-05;1.147127831528851e-05;1.3455584801382371e-05;809865.20534458314;187861.20534458317;1636.7946554168936;811502;189498;999363.20534458268;0.0016409966812504068;0.0041739484945076798;0.0020169939882056912;0.0086375299761311201;0.81038065375713864;0.18797834956161025;3549897.5562087647;3549897.5562087637;3549897.5562087637;6.5052130349130264e-21;4.1165801236558995e-22;3549897.5562087735;3.5806466335770329e-06;2.3084559675595624e-05;5.3905940951544463e-06;9.8856802424644041e-05;1.2832242847818413e-07;2.3532740055725536e-06;807788.00916806282;185622.04413379851;3995.5476665919273;811783.5568346529;189617.59180039025;997405.60096845264;0.0040346888691435217;0.010186602130375561;0.0049251309153008783;0.021071552434371005;0.80985863943774239;0.18610667169311451;204915777.80651605;42787852.599870309;35465118.08824861;168606065.08271271;8404838.2882231977;213913181.00222713;3.6450595594816188e-05;0.00023046739217740865;5.3928619019124678e-05;0.00098551227237480112;1.2940898555003519e-05;3.4137218823459619e-05;804765.97663462092;182761.97663462153;6736.023365378609;811502;189498;994263.97663462127;0.0068660926650923951;0.017177362164424621;0.0083006860924293643;0.035546672605402736;0.80939149767447249;0.18374240966043306;121164519.96726982;121164519.96726982;121164519.96726982;2.7647155398380361e-21;1.5500702934753696e-22;121164519.96726982;0.00012759974381034995;0.00078791839692875687;0.00018399087171837539;0.0033741641333654262;4.5728916239306119e-06;8.386115441015769e-05;0;0.026513213346499226;1.0000000000000152e-06;0.00065629002604871691;
823072;76928;100000;923072;176928;1000000;0.10000000000000001;0.24744798811943036;0.1083339111141926;0.56520166395369864;0.82307200000000003;0.076927999999999996;823152.60083785385;76917.251706774958;100071.14518906291;923223.74602691713;176988.39689583814;1000140.9977336919;0.10007626074591155;0.2475582079173711;0.10840438519696026;0.56539995213775041;0.82300611756730235;0.076917621686785759;215648723.81181705;14940988.192718787;16652203.911868427;229658314.0490616;7967346.8196549714;227290029.84778994;1.8231770919861787e-05;8.4431070304805331e-05;1.8810614497319929e-05;0.00043964186542188373;1.1627919020161113e-05;1.53499877933117e-05;823035.52266516071;76891.522665159733;100036.47733484024;923072;176928;999963.52266516059;0.10005509539011484;0.2475382505506124;0.10837342843769543;0.56540783445718235;0.8230631382571072;0.076881766352778283;13605271.042703917;13605271.042703893;13605271.042703882;7.0337615939997102e-21;1.1434944787933055e-22;13605271.042703902;1.6472997301590016e-05;8.3305764142746342e-05;1.59674675845956e-05;0.00043462435747181391;4.2616756537381323e-07;1.1600011291371611e-05;822653.06423121761;76417.715100138521;100570.68179569943;923223.74602691724;176988.39689583817;999641.46112705569;0.10066276058541405;0.24881588938890392;0.10895766260821627;0.56825921881120156;0.82291101996989291;0.076426219444693202;256950563.31110081;38263023.225587353;37781243.802933559;229658314.04906142;7967346.8196549714;270784864.48887718;4.6463091076849884e-05;0.00022444836915259391;4.6321151235873657e-05;0.0011536624109771288;1.2648336076048477e-05;3.3809516603284437e-05;822713.46112705639;76569.461127056042;100358.5388729439;923072;176928;999641.46112705581;0.10069321167671981;0.24833518534715654;0.10872233029811777;0.56722813162949814;0.82296050131314769;0.076346287010133462;270784864.48887724;270784864.48887724;270784864.48887736;5.6514038240806916e-21;1.7279472123987726e-22;270784864.48887724;0.00033005459796746312;0.0016580294493017892;0.00031779951553732199;0.0086503015906238892;8.5387353546551201e-06;0.00023241896985086812;0.074691109774577408;0.11036716094216367;0.00066922561631281899;0.00013191086777880446;
829279;160721;10000;839279;170721;1000000;0.01;0.026418207605918072;0.011914988936932772;0.058575102067115352;0.82927899999999999;0.160721;829717.94893935381;160734.0723661338;10018.595318668715;839736.54425802303;170752.66768480244;1000470.6166241559;0.010021021509578478;0.026456565248081258;0.011931287972730627;0.058671986837467396;0.82930278001142876;0.16067619847899167;186432002.72411591;13462452.448094588;7328563.5760110719;182506656.6598514;7027610.7726547197;196632950.11661851;7.4603262823644027e-06;5.0950263482401484e-05;1.0402335208049169e-05;0.00025048361688475418;9.8038295472907049e-06;1.4101516891764324e-05;829265.19838854333;160707.19838854382;10013.801611456091;839279;170721;999986.19838854345;0.010021307148283309;0.026454668989592377;0.011931433541713884;0.058655945147088488;0.82927539843795761;0.1607032944137583;7295414.6731675304;7295414.6731675146;7295414.6731675137;6.9524464310632973e-21;3.2356658585114273e-22;7295414.67316751;7.4404978996615948e-06;5.0916281606321465e-05;1.0357078530634983e-05;0.00025030878398247337;2.1258525716225337e-07;5.1377381233028129e-06;828993.73781490244;160009.86124168226;10742.806443120389;839736.54425802303;170752.66768480244;999746.40549970441;0.010799999909584588;0.028367641455545801;0.012798065153602449;0.062886400683318008;0.82916990495018605;0.16003009514022928;236458379.55672807;56777748.73520796;52357982.211987026;182506656.65985113;7027610.7726547224;244945204.60036847;5.3881057889856816e-05;0.00036440638220552949;7.4338587882892613e-05;0.0017884724666857631;1.1573168675799557e-05;4.4150048152124367e-05;826784.73885759898;158226.73885759991;12494.261142399988;839279;170721;997505.73885759898;0.012685067112549894;0.0330075984742478;0.014886898328684476;0.073185262166927223;0.82882514124502604;0.15848979164242238;161268907.82814056;161268907.82814065;161268907.82814062;3.8489177123235404e-21;1.6347735882007997e-22;161268907.82814056;0.00017064080908191185;0.0011255306919731715;0.00022894856807373072;0.0055332048993888281;4.8754425806238362e-06;0.00011782918321249009;0;0.03221188491607218;0.00010000000000000183;0.00050000895249329325;
834967;65033;100000;934967;165033;1000000;0.10000000000000001;0.25457541564157682;0.10695564656292682;0.60593941817697061;0.83496700000000001;0.065032999999999994;835226.26880224666;65267.819580081028;99808.027329025805;935034.29613127222;165075.84690910691;1000302.1157113545;0.099798080559617794;0.25404492913175425;0.10675673341961439;0.60461130142663067;0.8349422306660359;0.065259688774346319;222686455.61717325;12562301.067382758;14333420.716460731;233622411.34882995;6591197.6168445582;227692837.02547541;1.6097915142471821e-05;7.6760394430136925e-05;1.6375194521591809e-05;0.00042921539059345183;1.0879223621208121e-05;1.3083939962394688e-05;835185.05333184195;65251.053331841809;99781.946668158242;934967;165033;1000218.0533318424;0.099772850793579032;0.25402030546572041;0.10672242621200329;0.60461814708669348;0.83500107919543998;0.065226070010981657;11567014.2381074;11567014.238107383;11567014.238107389;7.0066565396875726e-21;1.0503208545953324e-22;11567014.238107415;1.3965231824452776e-05;7.4964248764753448e-05;1.3232097888367772e-05;0.00042469747732171875;3.1434341570531332e-07;1.0089167778912775e-05;835219.58302327641;65261.133801110467;99814.713107996242;935034.29613127222;165075.84690910691;1000295.4299323822;0.099834211518721239;0.25408400639022416;0.10677397908952461;0.60469978753354381;0.83493658150414207;0.065229206977135606;255377143.08734274;30343861.082602594;29517638.138686765;233622411.34882978;6591197.6168445637;262980867.08863902;3.6588578610076785e-05;0.00018614130682063397;3.5885229325820126e-05;0.0010432593843786311;1.1422247525379857e-05;2.7456704336988685e-05;835262.42993238091;65328.42993238302;99704.570067616951;934967;165033;1000295.4299323821;0.099964609953054548;0.25382332366328336;0.10663966756860628;0.60414929176356824;0.83497230956874335;0.06506308047820239;262980867.08863914;262980867.0886392;262980867.0886392;5.1906179007743526e-21;1.2874900798265365e-22;262980867.08863917;0.00031915047690534072;0.0017043432933500865;0.00030083723460982552;0.0096556733256600285;7.1837583718977554e-06;0.00023056994317702197;0.072936048163699418;0.10874753572145221;0.00076058808072873834;0.00010047131396567951;
836818;162182;1000;837818;163182;1000000;0.001;0.0027045127353212705;0.001193576647911599;0.0061281268767388562;0.83681799999999995;0.16218199999999999;836641.36006256682;161652.4573212821;1592.0123357381212;838233.37239830475;163244.46965702027;999885.82971958502;0.0015962241786905912;0.0043047129032928759;0.0019007984811072959;0.0097499418044483879;0.83671342650383063;0.16169034931747889;181897518.98897085;9387469.9080628213;3428558.8711067727;177439843.27068299;6282861.8649580134;190991466.9298726;3.4693982044725546e-06;2.5110807502002275e-05;4.905775329777696e-06;0.00012861057187966789;8.8704739099102582e-06;1.0670683614178502e-05;836228.11269659654;161592.11269659628;1589.8873034035505;837818;163182;999410.11269659619;0.0015939151420868672;0.0042998704597804905;0.0018976523581536191;0.009743031114973157;0.83672118055872591;0.16168490429918772;3423258.033998963;3423258.0339989732;3423258.0339989769;6.830473686658678e-21;3.6422416731934914e-22;3423258.033998956;3.45272329184039e-06;2.5039041371946357e-05;4.8768597107688666e-06;0.00012855682344965335;9.1756771188107511e-08;2.4187611974758561e-06;834374.75137369975;159385.84863241581;3858.6210246043861;838233.37239830475;163244.46965702029;997619.22103071946;0.003892226798590089;0.010426398216999222;0.0046044481847520658;0.023612746142031987;0.83633860256274406;0.15976917063866519;207368630.36273628;36623453.295871712;32302952.862380702;177439843.27068308;6282861.8649580125;214824167.70017323;3.3118844596426939e-05;0.00023573034738619736;4.5990596558435387e-05;0.0012089991302777663;9.8817044565333265e-06;3.0585904297955561e-05;831074.21010636725;156438.21010636791;6743.7898936321089;837818;163182;994256.21010636725;0.0068725191132202549;0.018238665651658909;0.0080492301354615232;0.041326800098246783;0.83586066791813951;0.15726681296863074;119895464.43149601;119895464.43149602;119895464.43149596;3.0493186101154813e-21;1.3806637040245096e-22;119895464.43149601;0.00012616888336756919;0.00087696208243524657;0.00017080610172608919;0.0045025469597243673;3.3529618170030639e-06;8.8385999578804333e-05;0;0.02365146789512736;1.0000000000000152e-06;0.00051822314658196938;
845145;54855;100000;945145;154855;1000000;0.10000000000000001;0.26138951512606262;0.1058038713636532;0.645765393432566;0.84514500000000004;0.054855000000000001;845334.00152960443;55058.810716304499;99831.035991945377;945165.0375215488;154889.84670824997;1000223.848237853;0.099828212303703021;0.26091684025661183;0.1056367622252453;0.64452278492666804;0.84511474659222707;0.055057041104069143;226799247.40816298;11090889.199972479;13045402.401647002;239609007.64655158;5781127.3497277992;233119779.27660152;1.46226545154912e-05;7.249145206989288e-05;1.4564290036770489e-05;0.00043647668265641375;9.503018683180471e-06;1.1538317035321505e-05;845336.02130749763;55046.021307498253;99808.978692501871;945145;154855;1000191.021307498;0.099801260686011306;0.26089020545660518;0.10560176342519058;0.64453184393466001;0.84517297797860591;0.055025761335381659;10360323.673443861;10360323.673443859;10360323.673443859;6.7085009422540586e-21;1.3467823861343376e-22;10360323.673443871;1.2509483415585719e-05;7.0786371330009801e-05;1.1597822061491776e-05;0.00043203890691745242;2.4791595106760666e-07;9.2352974497069098e-06;845340.98688028706;55065.796066988085;99824.050641261812;945165.0375215488;154889.84670824997;1000230.8335885368;0.099846478935188332;0.26091811754718858;0.10563873843371133;0.64451711260277378;0.84511179926399704;0.055041721800814569;256907385.98756686;26470486.895997655;26535132.941912804;239609007.64655191;5781127.3497277973;265117785.01176494;3.2904216826048471e-05;0.00017452784009843665;3.1630924209814643e-05;0.0010468670635565311;9.9858647406563226e-06;2.4315734304789974e-05;845381.49292117206;55091.492921172045;99763.50707882797;945145;154855;1000236.4929211723;0.10003113615174081;0.26077134742610369;0.1055536526975521;0.64423820398971876;0.84514061673747376;0.054828247110784489;264479087.33583391;264479087.33583385;264479087.33583394;5.9902170029824121e-21;1.4145450219146816e-22;264479087.33583391;0.00032106223101213791;0.0018070395747542504;0.00029607003512537196;0.011029120266579106;6.3628885149719069e-06;0.00023702858901186456;0.071538799085038351;0.10745829094168886;0.00083764291268548718;7.9122807303578458e-05;
852342;137658;10000;862342;147658;1000000;0.01;0.028024104242938486;0.011596327211245655;0.067724065069281719;0.85234200000000004;0.137658;852838.28586159262;137702.55863955794;10004.177841408322;862842.46370300185;147706.7364809663;1000545.0223425591;0.010004944020477701;0.028021949546777187;0.011594151113149867;0.067734508379409739;0.85234985144461495;0.13764520453490739;199581603.67544481;11694226.978599694;6909269.1489954134;197623058.51326761;5305437.8405380808;207645857.68472025;7.0100854127195757e-06;5.3956509228174015e-05;9.2492641483531531e-06;0.00031600963881509166;7.841792770732187e-06;1.2626965423899025e-05;852342.66317924787;137658.66317924706;9999.3368207526673;862342;147658;1000000.6631792479;0.010006277673817636;0.028022245742502574;0.011595558166890467;0.06771957374983173;0.85234108222895066;0.13765264009723249;6879250.4759586127;6879250.4759586062;6879250.475958609;6.7762635780344027e-21;3.2017845406212553e-22;6879250.4759585932;7.0165406862383492e-06;5.4026222410796209e-05;9.2508586485795041e-06;0.00031552019319082468;1.4996650272255926e-07;5.1149262688646961e-06;852397.45916597429;137261.73194393908;10445.004537027231;862842.46370300208;147706.73648096633;1000104.1956469403;0.010494400680610355;0.029260131399874843;0.012110478297741197;0.070704547568171613;0.8522773958354467;0.13722820348394271;247169690.73136574;51185863.381323494;47139719.325363658;197623058.51326761;5305437.8405380752;254495130.9669973;4.8407983540228887e-05;0.00036969053667123278;6.3409603876721078e-05;0.0021579831339172506;9.0122801968655667e-06;4.127019398650541e-05;849914.39949364448;135230.39949364448;12427.600506355429;862342;147658;997572.39949364425;0.012614380420399153;0.034827237207969916;0.014411452192233963;0.084164762534745238;0.85195978793651561;0.13542583164308158;158098340.07677102;158098340.07677096;158098340.0767709;4.0115480381963662e-21;1.3129010682441655e-22;158098340.07677102;0.00016707998337358638;0.0012416259756227359;0.00021260243419490596;0.0072512578192206025;3.571047600511046e-06;0.00012179816724147077;0;0.029554631936607668;0.00010000000000000183;0.00038863280183927578;
853818;46182;100000;953818;146182;1000000;0.10000000000000001;0.26780599411912687;0.10484180420164015;0.68407875114583194;0.85381799999999997;0.046182000000000001;854144.75055463996;46372.16179987965;99840.194383199909;953984.94493783964;146212.35618307936;1000357.1067377195;0.099824542609354722;0.26732847315590114;0.10467103288615356;0.68283209787146559;0.85380964251491132;0.046365814875734275;235333537.05800906;9694179.8324724752;12020681.346490819;247750875.60880286;5101540.7706654388;239999280.83064768;1.3599940548475208e-05;6.8893387278190859e-05;1.3377482059741087e-05;0.0004368896543894268;8.8076296279577954e-06;1.0089255086239093e-05;853999.72111268621;46363.721112685118;99818.278887315013;953818;146182;1000181.7211126864;0.099810285091632561;0.26731933408677649;0.1046512845084857;0.68283563562760641;0.85384321173157829;0.046346503176790267;9260842.5898389593;9260842.5898389649;9260842.5898389779;7.1963919198725361e-21;1.2451384324638214e-22;9260842.5898389686;1.1186988287487543e-05;6.6418809808738987e-05;1.0179336577272672e-05;0.00043337385132336274;1.9756754892515132e-07;8.411217069428143e-06;854089.934469425;46317.345714664909;99895.010468414694;953984.94493783964;146212.35618307939;1000302.290652505;0.099907591741972446;0.26749459752694849;0.1047384362548975;0.68324117662489359;0.85379802176197528;0.04629438649605281;263263096.40864858;21200496.585052133;22082031.261196222;247750875.60880274;5101540.770665437;269373807.01916212;2.7897043570439958e-05;0.00015117797576335172;2.6517162184105396e-05;0.00095227717473202081;9.2363593902664508e-06;1.9719540452871653e-05;854161.89581163577;46525.89581163555;99656.104188364479;953818;146182;1000343.8958116359;0.099913221894071647;0.26688502052204222;0.10448125762814757;0.68172623297235158;0.85382953217916469;0.046257245926763946;265019903.03981918;265019903.03981915;265019903.03981912;5.4616684438957289e-21;1.3637230450794236e-22;265019903.03981918;0.0003208912913052962;0.0019007240825846103;0.00029130468059984551;0.012401970440975553;5.6670932573983333e-06;0.00024127014684343894;0.070264715453014451;0.10628287354151919;0.000912281939543679;6.3384018458122659e-05;
860090;138910;1000;861090;139910;1000000;0.001;0.0028810536712722021;0.0011613187936220372;0.007147451933385748;0.86009000000000002;0.13891000000000001;859978.15756150731;138444.10574166279;1528.9760286009532;861507.13359010697;139973.08177026352;999951.23933177011;0.0015315940337225287;0.004402609167413426;0.0017746885176837307;0.010923212611137226;0.85999756320883258;0.1384708427574442;196276676.18988013;7576495.6348231947;2959492.492427398;194537220.01615113;4791689.9211007301;203221765.85875055;2.9855010039087333e-06;2.4552945693952619e-05;3.9975530709398625e-06;0.00015091442218916759;7.1301683146416139e-06;9.2105499001662619e-06;859562.78187737963;138382.78187737986;1527.2181226201335;861090;139910;999472.78187737952;0.0015307091669039239;0.0043999973790081739;0.0017735871077589262;0.010915718123223015;0.86001582265780119;0.13845346817529533;2952181.4376783851;2952181.4376783543;2952181.4376783511;7.4809949901499812e-21;3.1001405869507392e-22;2952181.4376783967;2.9755284875535799e-06;2.4504494215981691e-05;3.981492974901576e-06;0.00015081534503923722;5.8129082845174104e-08;2.2018769696122975e-06;857850.48192349612;136316.43010365212;3656.6516666115276;861507.13359010697;139973.08177026355;997823.56369375985;0.0036864536019428637;0.010528734147703112;0.0042445615385151726;0.026120297254465318;0.85969620380782563;0.13661734259023112;219645061.40958354;32895958.335211098;28839529.665932491;194537220.01615056;4791689.9211007338;226029576.60533673;2.9513227274330435e-05;0.00023905883600503286;3.8835654139841581e-05;0.0014725518934036075;7.7334628939614922e-06;2.8577947155031131e-05;854287.45029520884;133107.45029520924;6802.5497047908093;861090;139910;994197.45029520919;0.0069327238194930056;0.01959851080099918;0.0078999288167216093;0.048620897039459716;0.85926078182859034;0.13380649435192171;121240805.6376289;121240805.63762882;121240805.63762878;3.2255014631443755e-21;1.1858461261560206e-22;121240805.6376289;0.00012759714942739761;0.0010063557010996801;0.00016351278744481382;0.0061937161794004417;2.4927018178108998e-06;9.4421285458220548e-05;0;0.020963160416421711;1.0000000000000152e-06;0.00040287903103825582;
861183;38817;100000;961183;138817;1000000;0.10000000000000001;0.27376355523652507;0.10403846093823965;0.72037286499492137;0.86118300000000003;0.038816999999999997;861407.57175145345;39014.734203075706;99819.425165605324;961226.99691705871;138834.15936868091;1000241.7311201359;0.099816353426461044;0.27325066412615845;0.10386226826837623;0.71897424032198709;0.86117039680638885;0.039013249767149337;239290463.20361501;8590965.577545533;10899228.285828454;249977683.4170284;4537668.6022289023;244683611.61274514;1.2657428881246782e-05;6.5387991942914529e-05;1.2290116502697962e-05;0.00043228177379775988;7.8783861133223652e-06;8.8163121140564542e-06;861376.26125810633;39010.261258107093;99806.738741892899;961183;138817;1000193.2612581063;0.099796509837990446;0.27323447634543646;0.10383739489971508;0.71898066333296984;0.86120867990347338;0.038994810258537078;8277234.9281747425;8277234.9281747425;8277234.9281747444;7.0202090668436414e-21;1.0418505251227894e-22;8277234.9281747462;9.9986878962452709e-06;6.2034965656334568e-05;8.9592802073230683e-06;0.00042953639968053422;1.5923662019948649e-07;7.6343102297300785e-06;861354.83132337418;38961.993774994597;99872.165593686281;961226.99691705895;138834.15936868091;1000188.9906920551;0.099894141440321105;0.27341161433853389;0.10392610578722271;0.71937949653780175;0.86115994624636749;0.038945912313312542;264139061.86181444;18001285.575617138;19348324.619412567;249977683.41702864;4537668.6022288939;270493433.93543214;2.4773001247110625e-05;0.00013753091517354059;2.3284396424381903e-05;0.00090542138796373991;8.2524405878520973e-06;1.684666939549574e-05;861458.39575673942;39092.395756738442;99724.604243261696;961183;138817;1000275.395756739;0.099985482999816619;0.27300962202190743;0.10375194343143983;0.71838898869203061;0.86118483200583262;0.038829684994352041;262493259.90875378;262493259.9087536;262493259.90875372;5.2041704279304214e-21;1.2197274440461924e-22;262493259.90875378;0.00031713248879835311;0.0019672946949990293;0.00028412274007725966;0.013621748177984344;5.0505732547832786e-06;0.00024214055169400695;0.069193254831585296;0.10529447112012891;0.00097704962189746562;5.1850422273663458e-05;
867418;32582;100000;967418;132582;1000000;0.10000000000000001;0.27922264396042495;0.10336793402644978;0.75425019987630293;0.86741800000000002;0.032582;867483.64661415119;32663.003175349499;99978.505838254117;967462.15245240461;132641.50901360365;1000125.1556277554;0.099987669261128453;0.2790986638681055;0.10335895535010357;0.75373439738267478;0.86734651368874849;0.03266581705012285;241156430.93306091;7035185.6500711115;9798122.5336398799;249335612.20833576;4408914.5688043265;244487196.30395263;1.1673940317996559e-05;5.9030304584349694e-05;1.1328346442247891e-05;0.00039196900627665843;7.6902461591729259e-06;7.2120513124984632e-06;867484.50927282753;32648.509272828236;99933.490727171768;967418;132582;1000066.5092728264;0.099934382231880961;0.27903693501035531;0.1032991847651913;0.75374855355306081;0.86742590884993898;0.032639708918180091;6861502.8189791404;6861502.8189791525;6861502.8189791571;7.0608666483118479e-21;1.0672615135404184e-22;6861502.8189791404;8.2911332500405087e-06;5.34959022125579e-05;7.3314675839661443e-06;0.0003903463420876777;1.2044746297200522e-07;6.4129352065454774e-06;867483.65358700778;32663.010148205711;99978.498865397894;967462.15245240461;132641.50901360365;1000125.1626006119;0.10000292980716054;0.27911259153936885;0.10336507865480012;0.75376502297055403;0.86734445363287727;0.032652616559961448;259575167.55837551;15177784.665250193;16878301.837551691;249335612.20833567;4408914.5688043293;263968352.64053404;2.1551797022358821e-05;0.00012180552557917142;2.0131632652444796e-05;0.00083987540059721742;7.8935330361309291e-06;1.4425120230200951e-05;867708.93745050975;32872.93745050882;99709.06254949118;967418;132582;1000290.9374505095;0.099955717603534083;0.278410280718843;0.10306719799454955;0.75205580357432411;0.86742333731698995;0.032620945079476722;251164611.73301452;251164611.7330144;251164611.73301452;5.4887734982078666e-21;1.4568966692773965e-22;251164611.73301452;0.00030294272901504137;0.0019582120510625205;0.00026836762408180402;0.014288588088992494;4.4009283212882015e-06;0.00023431683388492515;0.068285460337842163;0.10445711853392591;0.0010336253141309615;4.3527571326954345e-05;
872563;117437;10000;882563;127437;1000000;0.01;0.029818059170054895;0.011330635886616593;0.078470146032941765;0.87256299999999998;0.117437;872947.1675048623;117376.93646028952;10071.61273564401;883018.78024050745;127448.54919593364;1000395.7167007957;0.010075290062679073;0.030024319619334862;0.011407061772230479;0.079036030143979391;0.87257855601099366;0.11734615392632813;208103565.67516088;10624127.383737678;7062825.8260545824;203849265.05475587;3784286.4597846991;211413572.94546404;7.1885387907657713e-06;6.2695353904712158e-05;9.0359925873075592e-06;0.00043665607290148693;6.2896342864616676e-06;1.139273961751204e-05;872492.96956397069;117366.9695639702;10070.030436029854;882563;127437;999929.96956397092;0.010077884568215711;0.030026876338579197;0.011409984823780129;0.079019675887143134;0.8725531728953243;0.1173689425364573;7078592.351006397;7078592.3510064073;7078592.3510064166;7.1150767569361231e-21;1.3700757921838308e-22;7078592.3510063998;7.2300168128531856e-06;6.2936943367344455e-05;9.0877311329664672e-06;0.00043586884145980847;1.1510326368962016e-07;5.5206217546030519e-06;872455.05243411555;116884.8213895423;10563.727806391118;883018.78024050756;127448.54919593362;999903.60163005162;0.010614453324416044;0.031503263130940755;0.011968700493689094;0.082931265079906669;0.87251056732480992;0.11687497935077333;251908105.8662436;49529834.020871699;44925084.423571847;203849265.05475581;3784286.4597847001;256261561.17616403;4.6183788543274956e-05;0.00040014805574991675;5.7803879011926522e-05;0.0027731712025179079;6.9125255265175972e-06;4.1240110769403935e-05;869962.33585720917;114836.335857208;12600.664142791986;882563;127437;997399.3358572094;0.01279254335871197;0.037572734899176043;0.014277353733152158;0.098877595539693885;0.87221065015048749;0.11499680649079741;161143925.65548217;161143925.65548214;161143925.65548214;4.7840420860922881e-21;8.8938459461701532e-23;161143925.65548217;0.00017079264791345345;0.0014327574777672823;0.00020688190496794871;0.0099225400617616449;2.7190519327814248e-06;0.0001304120905944604;0;0.027133551143825929;0.00010000000000000183;0.00029983547411941536;
872684;27316;100000;972684;127316;1000000;0.10000000000000001;0.28416633181373946;0.10280831184639616;0.78544723365484304;0.87268400000000002;0.027316;872848.79557860701;27403.166152691145;100009.02734076518;972857.822919372;127412.19349345626;1000260.9890720645;0.10000423468509798;0.28406502213323209;0.10281724944457954;0.78491122478563002;0.87259305504085749;0.027402710274044607;246709177.72593781;6234401.7076798473;8999060.0984071605;256384863.20722371;4098079.1932864292;250530269.11709452;1.0740193652142882e-05;5.4799431561857175e-05;1.0347515680018045e-05;0.00037857774736377271;7.1650571757539012e-06;6.4043691303930069e-06;872749.89381430403;27381.893814303468;99934.106185696568;972684;127316;1000065.8938143043;0.099934233804644279;0.28397908377874154;0.10274056752829952;0.78492967251324774;0.87269161189902589;0.027374154296330389;6109971.764615451;6109971.7646154445;6109971.7646154352;7.1557343384043296e-21;1.2980779916672152e-22;6109971.7646154435;7.384487287309557e-06;4.9338330025233102e-05;6.4579645861272378e-06;0.00037694087312092661;9.8923835809924e-08;5.7740231531720228e-06;872844.79127001867;27399.161844102;100013.03164935426;972857.82291937189;127412.19349345626;1000256.9847634734;0.10002181545427885;0.284089080500878;0.10282683525778209;0.78497103602668317;0.87259082545526667;0.027387359090453572;262841425.24588314;13012953.052899772;14868284.457003297;256384863.20722383;4098079.1932864296;267571843.62366343;1.9033419614605773e-05;0.00010919161754064982;1.7645758182959047e-05;0.00078412649391017383;7.3266127350951832e-06;1.2510464763903756e-05;873277.67258379131;27909.672583792384;99406.327416207612;972684;127316;1000593.6725837913;0.099614645674819424;0.28247931420939271;0.10219796708510438;0.78078424876847852;0.87272860161023968;0.027656752714939944;244408956.97438437;244408956.97438416;244408956.97438422;5.7056139327049669e-21;1.4230153513872247e-22;244408956.97438437;0.00029335910940524396;0.0019736146491151877;0.00025832924430416187;0.015078257181814979;3.9298880535716549e-06;0.00022938116405329161;0.067513200535333148;0.10374482322069428;0.0010827054122704519;3.7256835235892836e-05;
877121;22879;100000;977121;122879;1000000;0.10000000000000001;0.28859379704623389;0.10234147050365308;0.81380870612553813;0.87712100000000004;0.022879;877212.56952029106;22952.705544384989;99974.765449838713;977187.33497012872;122927.47099422349;1000140.0405145135;0.099983164234394184;0.28846382844253704;0.10232853231071673;0.81327293543307833;0.87706230451351208;0.022954531252092285;250904437.11207774;4972168.1484320499;7616032.785061446;258346182.99860337;3769675.4519679197;255036094.28922513;9.5427240769841327e-06;4.7258136549833534e-05;9.2029469461466954e-06;0.00032347372576308701;6.666675496988225e-06;5.068768109049841e-06;877185.45140217256;22943.451402173054;99935.548597827117;977121;122879;1000064.4514021733;0.099934454848982432;0.28840779429745339;0.10227550999090887;0.81328419500343463;0.87712832192964696;0.022937223221370321;4867755.5471508093;4867755.5471508317;4867755.5471508317;6.9253413767511597e-21;1.1985516203648349e-22;4867755.5471508056;5.883173334913724e-06;4.0541773675545101e-05;5.0983784070522445e-06;0.00032238395849268196;7.3414460315672172e-08;4.6421906021005646e-06;877237.06654008641;22977.20256418084;99950.268430042604;977187.33497012884;122927.47099422349;1000164.5375343093;0.099967426789178873;0.2884039917587784;0.10230842717838123;0.81309526489036688;0.8770638267261015;0.0229687464847197;264939435.82680285;10312118.87862087;12306055.184109014;258346182.99860296;3769675.451967923;269721021.33509159;1.6282303820292652e-05;9.2384374670939417e-05;1.5106929333720473e-05;0.00066762753782722325;6.8080198525901409e-06;9.9245254406163151e-06;877896.5170049665;23654.517004967121;99224.482995032813;977121;122879;1000775.5170049667;0.099401320497835302;0.28635570307486075;0.10154779499676395;0.80749748122163123;0.87718787739867721;0.023410802103486148;232663786.65811756;232663786.65811759;232663786.65811762;6.6407383064737145e-21;1.1773757966834776e-22;232663786.65811756;0.00027829538645781678;0.0019377724476550085;0.00024368685208423589;0.015408964524655192;3.4727696163386505e-06;0.00021959241281497324;0.066793949575742598;0.10308146390170311;0.0011294530593928486;3.229795597593612e-05;
880495;118505;1000;881495;119505;1000000;0.001;0.0030810378619679463;0.0011344363836436962;0.0083678507175431998;0.88049500000000003;0.118505;880290.17083504482;118000.24306164659;1518.6974383661779;881808.86827341095;119518.94050001272;999809.111335058;0.0015222651673484121;0.004679933110873627;0.0017226539270965384;0.012715514665494103;0.88043663992405419;0.11804109490859789;201574883.01163;6717308.3050745605;3179199.0447809226;198786842.88737202;3384798.8648290569;203581739.84717402;3.2006976053618006e-06;3.0175911247595269e-05;4.0829591334936589e-06;0.00022316732255070446;5.6428867138988538e-06;8.1777476578446808e-06;879976.35545364977;117986.35545364904;1518.6445463511131;881495;119505;999481.35545364977;0.0015223591593294746;0.0046790013461789131;0.0017228056272027795;0.012707790856877234;0.88043263783083303;0.11804500300983697;3182397.6472007679;3182397.647200753;3182397.6472007511;7.345469718589293e-21;1.2070219498373779e-22;3182397.6472007683;3.2096133768781402e-06;3.0209846267575644e-05;4.0955736313951053e-06;0.00022283442898319398;4.5746378490035579e-08;2.4889964254904086e-06;878114.92884363013;115825.00107023241;3693.9394297803346;881808.86827341083;119518.9405000127;997633.86934364284;0.0037268661585304432;0.0113886954315829;0.0041927708793962739;0.030938803506970508;0.88017338244627874;0.11609975139519073;229070849.28879791;31920551.840321377;27911407.091659475;198786842.88737193;3384798.8648290555;231548741.61271009;2.8626351689976e-05;0.0002653710289235622;3.6005638267182656e-05;0.0019570458838632375;6.0475411382330976e-06;2.7809070326759089e-05;874518.92318384675;112528.92318384637;6976.0768161536898;881495;119505;994023.9231838471;0.0071142077770337455;0.021493556798566307;0.0079139153553380234;0.05837476939168805;0.87976505154806151;0.11312074067490988;128645930.2832281;128645930.28322811;128645930.28322814;3.1712913545201007e-21;5.8233515123733153e-23;128645930.2832281;0.00013577832522714732;0.0012212093545959017;0.00016556035362762654;0.0090079071171040928;1.9352382755287999e-06;0.00010529360594768981;0;0.018411083308440102;1.0000000000000152e-06;0.00030767410330699682;
880853;19147;100000;980853;119147;1000000;0.10000000000000001;0.29252061765830567;0.10195207640696415;0.83929935290019897;0.880853;0.019147000000000001;880961.300756076;19232.345153694321;99982.814519523556;980944.11527560046;119215.15967321771;1000176.4604292944;0.099987084387296254;0.29238310981177762;0.10194474515019795;0.83866807220809647;0.88077948011515306;0.019233435497551219;250515030.11808136;4351443.9161274107;7012027.1177677084;258398329.53235862;3643828.7668245155;254933417.48571935;8.8440878580434726e-06;4.3379135443487961e-05;8.5069103726568433e-06;0.00030150722783844371;6.3171319401382344e-06;4.4303196083063902e-06;880926.68880240817;19220.688802408589;99926.311197591465;980853;119147;1000073.6888024077;0.099923632062427728;0.29230506271835494;0.10187694914282915;0.83868088325842305;0.88086127182787177;0.019215096109701499;4265769.3415554687;4265769.3415554576;4265769.3415554557;7.0066565396875726e-21;1.1371417316888983e-22;4265769.3415554836;5.1559274796553277e-06;3.6501468089397716e-05;4.4339370103853104e-06;0.00030049077593132862;6.0490566721187882e-08;4.0994847892519898e-06;880982.18870148389;19253.233099101901;99961.926574115787;980944.11527560034;119215.15967321771;1000197.3483747016;0.09997354702017873;0.29233058559737979;0.1019274014323676;0.83850944248320525;0.88078074564090758;0.019245707338913978;262251904.51875365;9025205.0509303417;11218864.196950827;258398329.53235868;3643828.7668245141;267137215.94201252;1.4780598658571062e-05;8.4154285497589973e-05;1.3656426948676775e-05;0.00062400646795965939;6.4347743594013577e-06;8.7560561719252372e-06;881981.14313638082;20275.143136380644;98871.856863619381;980853;119147;1001128.1431363809;0.098996502746204237;0.28922056638769561;0.10080191105458114;0.82983085485676822;0.88096169426118076;0.020041802992615522;217801026.62622893;217801026.62622857;217801026.62622854;6.9388939039072285e-21;1.1667878848427988e-22;217801026.62622893;0.00025902018103688546;0.0018636866146954931;0.00022638730684529203;0.01534241405225421;3.0388863313092275e-06;0.00020594729007728223;0.066259242947718289;0.10258835586846113;0.0011653474037254692;2.9583002732940306e-05;
883987;16013;100000;983987;116013;1000000;0.10000000000000001;0.29597292936163894;0.10162735889803422;0.86197236516597275;0.88398699999999997;0.016012999999999999;884029.35961295385;16013.19010456208;100052.87407888022;984082.23369183566;116066.0641834421;1000095.4237963973;0.10006484262624439;0.29605837096774063;0.10169093838210862;0.86202995258570836;0.88391874920491575;0.016016408168840632;251542249.45876616;3796456.1815589815;6270337.9234329509;260154489.6948083;3275429.4787192121;255018613.99528611;8.0203991656452186e-06;3.8960889872563684e-05;7.7016550121148104e-06;0.00027832554377915414;5.9424154896414367e-06;3.8806352273752853e-06;883979.03414971777;16005.034149717185;100007.9658502828;983987;116013;999992.03414971777;0.100012866942028;0.29599650612206962;0.10163545438129037;0.86204102859406107;0.88398564297041338;0.016001490087558776;3732355.6806668825;3732355.6806668867;3732355.6806668849;7.2370495013407425e-21;1.2705494208814505e-22;3732355.6806668872;4.5138197590421781e-06;3.2695426399993952e-05;3.8548217638469849e-06;0.00027731266786524715;5.020791167016498e-08;3.611915358520058e-06;883944.29619212053;15928.126683727503;100137.93749971468;984082.23369183566;116066.0641834421;1000010.360375563;0.10016658050618761;0.29632005418033386;0.10178124993303454;0.86278827321140239;0.88390792167970056;0.015925497814111886;261864968.81987816;7440883.6428121971;9247839.223566141;260154489.69480878;3275429.4787192112;266008259.51751831;1.2520827485276862e-05;7.0895415957954514e-05;1.1571727772111909e-05;0.00054225550594639942;6.0165279938286626e-06;7.2878250574940553e-06;885377.17445968383;17403.174459682941;98609.82554031715;983987;116013;1001390.1744596837;0.098687516815242543;0.29185838929007729;0.10021456131058379;0.84998944549591016;0.884125422828829;0.017187060355927333;199240672.70109534;199240672.70109546;199240672.70109546;7.5352050987742565e-21;2.3843977465208552e-22;199240672.70109534;0.00023580718975609602;0.0017453477930645777;0.00020577815917974487;0.014803509424411233;2.6229196526394786e-06;0.00018869065576296415;0.065707323930045178;0.10207940058758916;0.0012030228551347698;2.7312946422399745e-05;
886616;13384;100000;986616;113384;1000000;0.10000000000000001;0.29898543745713663;0.10135655614747785;0.88195865377831084;0.88661599999999996;0.013384;886898.39544675825;13368.016860703803;100080.57537189011;986978.97081864753;113448.59223259403;1000346.9876793516;0.10006752318969703;0.29909754840108194;0.10142097738825688;0.8821611303937732;0.8865646731923682;0.013367803617935979;255243875.45276722;3321521.7606597939;5855265.5452953298;264003099.01292354;3125085.5579539817;258719687.37849548;7.5992636675182265e-06;3.6109617529899343e-05;7.2949279458522111e-06;0.00025600913833946935;5.7218762829050424e-06;3.3927501111629763e-06;886592.18084465328;13360.180844653129;100023.81915534688;986616;113384;999976.1808446534;0.10002980904233216;0.299056653262949;0.10138069842304087;0.88216872888014919;0.88661292739231223;0.013357263565354981;3280600.9195502382;3280600.9195502377;3280600.9195502419;7.9011233319881131e-21;1.2303153558868712e-22;3280600.9195502414;3.9680501759459143e-06;2.9326043471729766e-05;3.3702110172535313e-06;0.00025518189255895144;4.215948849250295e-08;3.1921852987121399e-06;886843.47866794944;13313.100081895233;100135.49215069874;986978.97081864742;113448.59223259403;1000292.0709005434;0.10013497722465203;0.29926954636854802;0.10147985999462016;0.8826636106489969;0.88655760020847674;0.013307422566872878;264142228.21879277;6509635.392704905;8582202.6609910876;264003099.01292366;3125085.5579539854;268079216.66087088;1.1649322517024143e-05;6.5154475391702979e-05;1.0763550774895318e-05;0.00049958506416811015;5.79370563686294e-06;6.4117136757942396e-06;888716.85243348277;15484.852433482036;97899.147566518019;986616;113384;1002100.8524334825;0.097893589033683434;0.29270419461856095;0.099227204471160194;0.86343000393810432;0.88683312118273672;0.015273289783584972;188692383.1087136;188692383.10871351;188692383.10871348;7.6029677345546006e-21;1.3891340334970526e-22;188692383.10871357;0.00022176917061541779;0.0016867644573449316;0.00019384654336803436;0.014677457153106385;2.3562390549469138e-06;0.00017840709032298447;0.065305645788660965;0.10170899869356213;0.0012306321372171842;2.5822191435669025e-05;
888819;11181;100000;988819;111181;1000000;0.10000000000000001;0.30159650930713161;0.10113074283564535;0.89943425585306847;0.88881900000000003;0.011181;889074.26057027536;11194.370531897648;100069.96352282938;989144.22409310425;111264.33405472699;1000338.5946250006;0.10005845416874488;0.30165876058280144;0.10118922525195646;0.89938925221592603;0.88874748014190674;0.011194065689346671;257014325.11576846;2834340.4549250389;5230989.07539305;264314127.91134104;3007019.6660758201;260336023.83670381;7.0963181276345822e-06;3.2606948011533132e-05;6.8328107958063156e-06;0.00022680881506262254;5.54138403245024e-06;2.8756612027639728e-06;888822.94640648575;11184.94640648504;99996.053593514778;988819;111181;1000003.9464064857;0.099998733608269358;0.30158460708292911;0.10112675180545164;0.89939876052126577;0.88881912799881746;0.011182138392913335;2796046.7144746678;2796046.7144746673;2796046.7144746655;6.9117888495950909e-21;1.1964340379966991e-22;2796046.7144746729;3.3810555113961681e-06;2.5432967974562961e-05;2.8596364070470727e-06;0.0002261951408931328;3.4540457268785253e-08;2.7321248180966978e-06;888976.76644144102;11096.876403062568;100167.4576516646;989144.22409310425;111264.33405472699;1000241.1004961686;0.10017213056358586;0.30196107349055662;0.10129113552170758;0.90028618520434944;0.8887358780695962;0.01109199136681786;265462187.98769876;5370850.0360692767;7276537.8129600016;264314127.91134116;3007019.6660758178;269274847.55221152;1.0345765864890263e-05;5.6133925257406587e-05;9.6031883276808607e-06;0.00042710977926765643;5.6014877587495483e-06;5.2768788545105449e-06;891402.11075666535;13764.110756664824;97416.889243335128;988819;111181;1002583.1107566654;0.097349580045452744;0.29380593743349465;0.098518423739162281;0.87620087284099979;0.88908688758269427;0.013563532371850047;176630025.45804292;176630025.45804298;176630025.45804295;4.5129915429709125e-21;8.7456151804006505e-23;176630025.45804289;0.0002066066593146022;0.0016066347380983041;0.00018064707172547114;0.014289050782882213;2.1106688320996335e-06;0.00016695235543896228;0.064960141240289204;0.10139041713090767;0.0012548756073659112;2.496089863611797e-05;
890162;99838;10000;900162;109838;1000000;0.01;0.031802653252461704;0.011109111471046323;0.091043172672481285;0.89016200000000001;0.099837999999999996;890758.46155595547;99753.663676516822;10049.555027589971;900808.01658354443;109803.21870410669;1000561.6802600616;0.010050423360653789;0.031951168609851158;0.011156401481266447;0.091517378509053005;0.89023660831629758;0.099712968323049142;217728907.39184076;9070451.8775414936;6847740.2646916853;215230293.6762262;2872962.7751227766;219056659.27731034;6.9466976731959935e-06;6.885767578617334e-05;8.3994616632539432e-06;0.00056678237027314043;5.0263985024990131e-06;9.9521073995055273e-06;890112.20063352783;99788.200633528177;10049.799366471727;900162;109838;999950.20063352794;0.010057198691610534;0.031961028450870968;0.011164434142378511;0.091496561904547885;0.89015577961396897;0.099787021694418276;6829665.1223943727;6829665.122394369;6829665.1223943681;7.8875708048320442e-21;1.0693790959085542e-22;6829665.1223943783;6.9738892599475185e-06;6.9075830909700038e-05;8.4286507489314456e-06;0.00056610133199200112;8.2477888103998397e-08;5.5395393291720789e-06;890295.53364374419;99290.735764306679;10512.482939799842;900808.01658354432;109803.21870410669;1000098.752347852;0.01055385479256808;0.033430052743121982;0.011672740555384073;0.095753913116199879;0.89018188161714251;0.09926426359028856;254213593.48371598;43045655.54250364;40332674.994739391;215230293.67622605;2872962.775122779;256031614.30410039;4.1357834896539596e-05;0.00040771487129751167;4.9800801003644636e-05;0.0033418867992324611;5.4369097864198057e-06;3.7321227913694967e-05;887664.47233480937;97340.472334808845;12497.527665191237;900162;109838;997502.47233480937;0.012685874154088709;0.039745453884912463;0.013883642794509462;0.11378145692011174;0.8898699098560986;0.097444215989809402;158751486.55224064;158751486.55224067;158751486.55224067;4.4316763800344995e-21;6.5221536938581125e-23;158751486.55224064;0.00016818058902642394;0.0016056264319298953;0.0001959189524000285;0.013158687341529111;1.9890163560025703e-06;0.00013359016075374457;0;0.024838400861007269;0.00010000000000000183;0.00022609020162231081;
890663;9337;100000;990663;109337;1000000;0.10000000000000001;0.3038459498716784;0.10094250012365456;0.91460347366399297;0.89066299999999998;0.0093369999999999998;890987.55384071229;9344.6626377923185;100083.28546435459;991070.83930506674;109427.94810214694;1000415.501942858;0.10006357581686254;0.30392342347671453;0.10100574583607312;0.9146023889421423;0.89059204956597238;0.0093443746171648686;256563188.29699671;2451510.0702929506;4906045.5063985772;264479080.91864562;2909336.4344395818;259664622.92922318;6.6793028551674733e-06;2.9748053666224256e-05;6.4435760266161687e-06;0.00020368507357341431;5.3739781033729507e-06;2.4959692001131208e-06;890662.1864092889;9336.186409289021;100000.81359071095;990663;109337;999999.18640928855;0.10000356498051895;0.30384842193410211;0.1009433213824589;0.91461091479289758;0.89066264565065922;0.0093337893688219542;2428331.5677346382;2428331.5677346257;2428331.5677346243;7.6571778431788743e-21;1.2578439266726359e-22;2428331.5677346382;2.9358092583349006e-06;2.2418930423948584e-05;2.4743213340593824e-06;0.00020312981763337379;2.9005260643116903e-08;2.3811916519260836e-06;890922.85381820111;9279.9626152809869;100147.98548686599;991070.83930506674;109427.94810214691;1000350.8019203481;0.10014007931210565;0.30412723483224458;0.10107368359009543;0.91521389478048842;0.89058439752104135;0.0092755231668524805;263456311.95674664;4693979.4978114367;6678667.8146015219;264479080.91864583;2909336.4344395809;267027593.70828813;9.4549201391144445e-06;5.0500899637914126e-05;8.7906154770107576e-06;0.00038762482546538006;5.4128996592986232e-06;4.6507796172516718e-06;893759.48962426302;12433.489624263264;96903.510375736834;990663;109337;1003096.4896242626;0.096774908634010962;0.29443739156015725;0.097816826080854055;0.88628287199883582;0.89098356528607492;0.012241526079913537;167747583.88824669;167747583.88824669;167747583.88824669;4.323256162785949e-21;7.9621097041904232e-23;167747583.88824669;0.00019545066452319939;0.0015486853039119489;0.00017092452738602507;0.014032077240360838;1.9310169593855834e-06;0.00015852715546990851;0.064680882987585411;0.10113292157218411;0.0012745154080265088;2.4302896101204858e-05;
892206;7794;100000;992206;107794;1000000;0.10000000000000001;0.30577486391153641;0.10078552236128385;0.92769541904002073;0.89220600000000005;0.0077939999999999997;892554.56379881292;7792.7510846462046;100038.29919921268;992592.86299802689;107831.05028385887;1000385.6140826739;0.10002302959621083;0.30579693945854486;0.10080710427988182;0.92773651615210195;0.89218552657202588;0.0077914438317618654;259141065.6401723;1955373.6304102885;4293089.531032932;264301095.09367415;2856029.2054702262;263085647.98543492;6.3233843160325851e-06;2.6529952595609368e-05;6.1280778938896412e-06;0.000166228675382599;5.1972430835732783e-06;1.9644186765380008e-06;892201.25012302271;7789.2501230228181;100004.74987697726;992206;107794;999995.25012302329;0.10000734475399164;0.3057893878413992;0.10079030954960679;0.92773948343114732;0.89220528025417067;0.0077873749918372752;1927732.2262222352;1927732.2262222278;1927732.2262222273;7.277707082808949e-21;1.0206747014414319e-22;1927732.2262222352;2.3312149063384607e-06;1.8023962316315179e-05;1.9581367114539493e-06;0.00016590425769543625;2.2386495749169326e-08;1.8967087118806332e-06;892507.05906330759;7745.2463491384678;100085.80393472048;992592.86299802689;107831.05028385887;1000338.1093471658;0.10007866118084881;0.30594437705228839;0.1008563441452259;0.92817799026020065;0.89217994822609514;0.0077413905930558283;263327202.81215754;3572388.5895025916;5895626.3473297292;264301095.09367454;2856029.2054702262;267286263.30021641;8.5551869250674659e-06;4.2807551906457085e-05;8.0311432946355108e-06;0.00030517552827987918;5.2468738907813528e-06;3.5281031088057096e-06;895757.50877912506;11345.508779125823;96448.491220874086;992206;107794;1003551.5087791258;0.096265372083719672;0.29491524277535941;0.097206115686535491;0.89474823478926657;0.89257197316510406;0.011162654751182938;159655615.00046781;159655615.00046778;159655615.00046775;4.2419409998495361e-21;7.4115382884751275e-23;159655615.00046781;0.00018540680284879945;0.0014927523383244192;0.00016217372759017864;0.013740262227948863;1.7804487233486781e-06;0.00015084954083345096;0.064432410279850416;0.10090381528914348;0.0012920587267659543;2.3775524587782273e-05;
893495;6505;100000;993495;106505;1000000;0.10000000000000001;0.30742002869397878;0.10065475920865229;0.93892305525562181;0.89349500000000004;0.0065050000000000004;893692.93584741233;6491.0695162005259;100059.31280499419;993752.24865240674;106550.38232119445;1000243.3181686084;0.10005886511253678;0.30751513334253822;0.1007113507890543;0.93908180056750712;0.89345063098927191;0.0064905038981910796;261545360.27307293;1612171.4037572083;3979313.2619457571;265863200.94050178;2741473.3021810176;265675221.17895561;6.1026697461519071e-06;2.4496777443546007e-05;5.9264306226662795e-06;0.00014071224814608753;5.0413858250642028e-06;1.6133643984337375e-06;893477.70055712236;6487.7005571222408;100017.29944287777;993495;106505;999982.70055712224;0.1000207830470668;0.30747321064623684;0.1006721719212253;0.93908548371323086;0.89349298772870223;0.0064862292242311966;1594410.0214313758;1594410.0214313704;1594410.0214313683;7.5487576259303253e-21;1.1286714022163553e-22;1594410.0214313765;1.9288241131013955e-06;1.5068302594905117e-05;1.6153574682010178e-06;0.00014055944121426457;1.8082032679938976e-08;1.5733981236615786e-06;893668.20239989436;6466.3360686817332;100084.04625251284;993752.24865240674;106550.38232119444;1000218.5847210885;0.10008917525282561;0.30759336382045022;0.10073766179326177;0.93931426970888932;0.89344756186431018;0.0064632628828638888;265565330.5908668;2914492.2469254378;5278652.5375775406;265863200.94050214;2741473.3021810157;269698173.06428689;7.9772319558364946e-06;3.8087120094722737e-05;7.5256099609116447e-06;0.00025537693805775222;5.0880033636850869e-06;2.875150992923773e-06;897457.72586138034;10467.725861380472;96037.274138619643;993495;106505;1003962.7258613803;0.095805009420265833;0.2952378157138616;0.096666087034779996;0.90171610852654349;0.89390117042880668;0.010293820150920226;152387026.72188962;152387026.72188956;152387026.72188959;8.5380921083233475e-21;1.4568966692773965e-22;152387026.72188959;0.00017654805909709566;0.0014401652017477396;0.00015438909588084724;0.013434082222528322;1.6550745879261491e-06;0.00014401540453204837;0.06420511788949218;0.10069424056713591;0.0013081564645368753;2.3335085470650871e-05;
894573;5427;100000;994573;105427;1000000;0.10000000000000001;0.30882023077346332;0.10054566130389625;0.94852362298083037;0.89457299999999995;0.0054270000000000004;894760.38470543455;5413.0803229448211;100062.16362583684;994822.54833127407;105475.24394878147;1000235.6286542177;0.10006219946923252;0.30891995059283345;0.10060570910573796;0.94867696424775194;0.89452478481799258;0.0054130157127759626;261370751.12505013;1427906.7817976254;3885340.9125373983;266012963.8484531;2677444.5032201153;265036266.80008641;5.9597190923517737e-06;2.3277422365227598e-05;5.7939814895441297e-06;0.00012806559868370988;4.9730699063677459e-06;1.4322993306286669e-06;894556.4699400384;5410.4699400370146;100016.53005996307;994573;105427;999983.46994003886;0.10001974738269355;0.30887127894278776;0.10056228156200001;0.94868041450447194;0.89457110735698642;0.0054091452603202434;1422383.5923642791;1422383.592364281;1422383.5923642798;7.9417809134563195e-21;1.0947900843261832e-22;1422383.592364283;1.7204208259532339e-06;1.3565263065635767e-05;1.4379487370165702e-06;0.0001279714341011179;1.5803490433227521e-08;1.4064446683541464e-06;894748.62622889527;5401.3218464040292;100073.92210237744;994822.54833127407;105475.24394878148;1000223.8701776756;0.10007732422233805;0.30895670863218078;0.10061825572527849;0.94878443281609959;0.89452322418175334;0.0053994515959087871;263989601.46137768;2593551.1066727773;5142734.755971021;266012963.84845322;2677444.5032201107;267563367.61785635;7.6322753645855723e-06;3.554288410184812e-05;7.2154422324019352e-06;0.00023320361392425835;5.0122498186065901e-06;2.5778870573977e-06;898873.63744466705;9727.6374446676728;95699.362555332365;994573;105427;1004300.6374446668;0.095427387502685646;0.29553899229211056;0.096221556944871681;0.9077310608793977;0.8950112516525095;0.0095613608448098571;147003071.81529287;147003071.81529281;147003071.81529284;8.5516446354794163e-21;1.3870164511289169e-22;147003071.81529284;0.000170037369199295;0.0014019673394266043;0.00014861172653362589;0.013225823201604359;1.5619340901337825e-06;0.00013900561288474753;0.064033725446321521;0.10053620862616189;0.0013203021195533921;2.300926349924364e-05;
895473;4527;100000;995473;104527;1000000;0.10000000000000001;0.31000665308320413;0.10045475869260141;0.95669061582174941;0.89547299999999996;0.0045269999999999998;895620.79962652817;4515.0972262995128;100070.64206647071;995691.44169300015;104585.73929277029;1000206.5389192994;0.10007402556924257;0.31012268130531656;0.10052697406386114;0.95682640830169408;0.89541106702625017;0.0045149074045077167;262644537.53161317;1187464.8617700662;3611737.1281840601;266495466.61412597;2591564.8595055421;266237021.89521489;5.7612072244585658e-06;2.1581284387506134e-05;5.6157328251875215e-06;0.00010832094846474495;4.8738903996387921e-06;1.1873840404001995e-06;895458.44701261248;4512.4470126138121;100014.55298738624;995473;104527;999985.4470126126;0.10001730945005359;0.31005176831232284;0.10046937786096276;0.95682984288639572;0.89547135517737597;0.0045113353725698977;1183089.9439752758;1183089.9439752724;1183089.9439752724;6.8575787409708156e-21;1.0587911840678754e-22;1183089.9439752824;1.4310269078712268e-06;1.1369982380980924e-05;1.1938748196453272e-06;0.00010828312752439284;1.2921692494826211e-08;1.1719832374586787e-06;895615.48716308165;4509.784762854566;100075.95452991578;995691.44169300003;104585.73929277033;1000201.2264558524;0.10008195444263052;0.31014012270561092;0.10053317692288152;0.95687501962108756;0.89541020858034126;0.0045078369770286631;265282513.73644376;2125047.6525614196;4598610.9388655853;266495466.61412627;2591564.8595055393;268825707.08015579;7.1385586925502015e-06;3.1652729620417673e-05;6.7869755692962517e-06;0.00019417716414910657;4.9086888924958752e-06;2.1058767609856554e-06;900110.3593092456;9164.3593092458595;95362.64069075408;995473;104527;1004637.3593092454;0.095053736187338242;0.2956305306971706;0.095796310588789485;0.91232543448825776;0.8959430164705019;0.0090032473421652048;144096301.02449107;144096301.02449095;144096301.02449092;3.8082601308553347e-21;1.5140713932170618e-22;144096301.02449107;0.00016638998067707448;0.0013848248919333408;0.00014540986192404721;0.013188513873425742;1.5024456582215614e-06;0.00013627016177123638;0.063881789116361984;0.10039611806613279;0.0013311152039566113;2.2759717216113461e-05;
896224;3776;100000;996224;103776;1000000;0.10000000000000001;0.31100905700549053;0.10037903122189387;0.96361393771199511;0.89622400000000002;0.0037759999999999998;896416.25513812527;3801.1538659799435;100027.73029035343;996443.9854284781;103828.88415633336;1000245.1392944588;0.10002595205830853;0.31100026337412373;0.10040708834670128;0.96340002158603721;0.89617262389747565;0.0038014240442149805;260012547.32799476;961218.65998777433;3268448.3407129408;265742238.09380156;2721671.3324220995;264405367.82859558;5.1779326050696409e-06;1.7984294439242582e-05;5.0967477167572861e-06;8.8157265399179308e-05;4.8498431343294049e-06;9.675925563231157e-07;896245.74908554659;3797.7490855481656;99978.250914451564;996224;103776;1000021.7490855466;0.099977117718621916;0.31094141537962;0.10035719970052111;0.96340436049232847;0.8962261587560304;0.0037967235253487121;947298.58841917582;947298.58841917408;947298.58841917338;7.6436253160228055e-21;1.2641966737770432e-22;947298.58841917757;1.1455399913662244e-06;9.1629003414454523e-06;9.5449331258215284e-07;8.7961582926265547e-05;1.0195739690870967e-08;9.395910798861465e-07;896359.96855121898;3744.8672790738287;100084.01687725951;996443.9854284781;103828.88415633336;1000188.8527075505;0.10008953739763328;0.31117632950735108;0.10046423973330149;0.96394247150338763;0.89616656230899316;0.0037439002933726869;262072212.80671433;1773476.2017673883;4083273.9694394893;265742238.09380183;2721671.3324220949;266462465.22036746;6.3057374964513154e-06;2.646294477782629e-05;6.0496299994586731e-06;0.00016351878748887606;4.8735036872032705e-06;1.7668824708575303e-06;901124.73754504917;8676.7375450491199;95099.262454950775;996224;103776;1004900.7375450485;0.09476014781683699;0.29576731938031875;0.095459718351445386;0.91638974767721681;0.89671833718195937;0.008521515001198899;140540603.38884395;140540603.38884395;140540603.38884395;3.5507621148900272e-21;6.1621646912750346e-23;140540603.38884398;0.00016217033384620307;0.0013594019441405048;0.00014160800799331;0.013049923319451838;1.4433773783013482e-06;0.00013301482292409674;0.06378723893817978;0.10030894863214426;0.0013380627438750415;2.2790357790124409e-05;
896851;3149;100000;996851;103149;1000000;0.10000000000000001;0.31185475086778741;0.10031589475257587;0.96947134727433126;0.89685099999999995;0.0031489999999999999;897049.57006980863;3168.2084371984806;100033.51197039036;997083.08204020129;103201.72040758899;1000251.2904773984;0.10003137099692032;0.31186185470859118;0.10034885510902987;0.96930810835340842;0.89680014805372965;0.0031684809493499979;261880305.71381724;805188.00837965345;3172427.0699244142;267348413.74091819;2688557.2460196102;266091533.09933352;5.114857722744451e-06;1.7061955515067359e-05;5.0452039924078689e-06;7.4941878853454922e-05;4.8274888638106799e-06;8.091373417318218e-07;896867.46194928454;3165.4619492845809;99983.538050715419;996851;103149;1000016.4619492848;0.099982767231116806;0.31180341349685775;0.10029938080085751;0.96931175339281428;0.89685261594806986;0.0031646168208128256;796015.41861667717;796015.41861668264;796015.41861668252;7.2912596099650178e-21;1.1244362374800838e-22;796015.41861668124;9.6264934480823583e-07;7.7415194481166692e-06;8.010525038885326e-07;7.4815474734360744e-05;8.4647238263123635e-09;7.9057530996614082e-07;897013.92441955546;3132.5627869443101;100069.15762064466;997083.08204020129;103201.720407589;1000215.6448271443;0.10007191480730963;0.31197396786683779;0.1003851155838377;0.96965477204176875;0.89679630851275594;0.0031317766799353651;263496423.96177775;1482322.6172654494;3829049.7763117743;267348413.74091828;2688557.2460196125;267728163.24979246;6.0213754455482627e-06;2.4019998906809551e-05;5.8076205830563318e-06;0.00013843863085969923;4.8435470091926467e-06;1.4780535116726391e-06;902048.37969424506;8346.3796942452591;94802.620305754812;996851;103149;1005197.3796942447;0.094432449684432124;0.29564647537064631;0.095102096808604472;0.91908424032956859;0.89737307931590105;0.0081944709996577582;139301566.87750342;139301566.87750351;139301566.87750351;3.3745792618611325e-21;5.8233515123733153e-23;139301566.87750342;0.00016060841814146505;0.0013547549003628365;0.00014018304964084438;0.013092601742931129;1.4122545359642925e-06;0.00013189958590856628;0.063676184706957822;0.10020655700298695;0.00134606757722664;2.2694031251750096e-05;
897374;2626;100000;997374;102626;1000000;0.10000000000000001;0.31256639059071634;0.10026329140322487;0.97441194239276596;0.897374;0.0026259999999999999;897611.81113038876;2641.9166793936788;100044.82854785625;997656.63967824471;102686.74522724985;1000298.5563576367;0.10003850520637868;0.31258925759166245;0.10030304157362657;0.97427865481828446;0.89731999470398494;0.0026415000896376677;262237116.00759885;644721.07672865852;3007778.7190600415;266552243.57458851;2640114.1356466985;266597169.03520557;5.0542019752590556e-06;1.6265071930516554e-05;4.9916763625313129e-06;6.0673857551794454e-05;4.7455810871177651e-06;6.4553747357684446e-07;897387.41131402389;2639.4113140250588;99986.588685974843;997374;102626;1000013.4113140234;0.099985949505454766;0.31252447133053751;0.10024984477836298;0.97428126094727374;0.8973753108600484;0.0026387396344968749;638323.76779985463;638323.76779986126;638323.76779986278;6.7356059965661963e-21;1.0354977780183821e-22;638323.76779985463;7.7192175819299351e-07;6.2362794945259434e-06;6.416894960217724e-07;6.0607477876691287e-05;6.7189702198831216e-09;6.3460574231048755e-07;897557.96439237567;2588.0699413802922;100098.67528586944;997656.63967824483;102686.74522724985;1000244.7096196243;0.10009902118982632;0.3127585481246869;0.10035760816110581;0.97480391691301482;0.89731429834065712;0.0025866804695145714;263887894.06950405;1189199.5828704005;3543629.4420454088;266552243.57458848;2640114.1356466981;268256574.88026676;5.8307485288993014e-06;2.2087050071963954e-05;5.6474892011774033e-06;0.00011225340139163365;4.7632106604153237e-06;1.1827951778268497e-06;902811.42954835342;8063.4295483540427;94562.570451645966;997374;102626;1005437.4295483538;0.094169021914933967;0.29557081331051172;0.094811545570312877;0.92142897951441083;0.89791800905177332;0.0079129690332853785;139958761.80850565;139958761.80850571;139958761.80850568;9.3919013191556815e-21;1.5161889755851975e-22;139958761.80850565;0.00016119697799844431;0.0013673655915304689;0.00014069673081151942;0.013288785390516353;1.4030925844637018e-06;0.00013252188683005801;0.063610448647204401;0.10014595781377293;0.0013510275626181763;2.2825604031335016e-05;
897811;2189;100000;997811;102189;1000000;0.10000000000000001;0.31316540618389049;0.10021938022330883;0.97857890771022327;0.89781100000000003;0.002189;898055.98856579908;2205.1778411940618;100047.57863406901;998103.56719986536;102252.75647526323;1000308.7450410625;0.10004013634598442;0.31319034472254648;0.10026087840487487;0.97844041957789918;0.89775485513875675;0.00220500851525848;262701766.31091005;556345.65390948579;2900149.8673750944;267258754.37906611;2589369.2188623301;266863387.73728344;4.922758062723385e-06;1.5339707620542741e-05;4.8722990507369039e-06;5.2872232644612455e-05;4.7031641785208418e-06;5.5715371087958521e-07;897824.88501599757;2202.8850159969916;99986.114984002779;997811;102189;1000013.8850159976;0.099985333043224017;0.31312192311714476;0.10020546474633282;0.97844303187234294;0.89781236254695129;0.002202304409825009;551574.79199549253;551574.79199549335;551574.79199549416;7.3048121371210866e-21;1.1752582143153418e-22;551574.79199549544;6.670294898413779e-07;5.4094358297457487e-06;5.5399753861792353e-07;5.2819722031866876e-05;5.7566253126281027e-09;5.4885324872236852e-07;898032.70577528048;2181.8950506754672;100070.8614245877;998103.56719986536;102252.75647526325;1000285.4622505434;0.10006666299408984;0.31326460284835389;0.10028459741416595;0.97867292138083994;0.89775239849036692;0.0021809385155440505;263805837.28324792;1014077.6569544148;3261682.9569162144;267258754.37906632;2589369.2188623324;268063657.62312511;5.4555169592705295e-06;1.9706056068346679e-05;5.3132421740870615e-06;9.6227677922954656e-05;4.7063829887277691e-06;1.0103360312895002e-06;903465.7743865099;7843.7743865097518;94345.2256134903;997811;102189;1005654.7743865099;0.093928823694196459;0.29545660900759263;0.094552200380122881;0.92324247828523853;0.89837500675955184;0.0076961695462461309;138935147.35804775;138935147.35804757;138935147.35804757;3.5236570605778895e-21;5.8233515123733153e-23;138935147.35804775;0.00015997345111921522;0.0013625727191241299;0.00013954540849376803;0.013304661435594433;1.3806094514357767e-06;0.00013163128421352118;0.063538057334466394;0.10007921625438959;0.0013563172802007325;2.2823778756260658e-05;
898175;1825;100000;998175;101825;1000000;0.10000000000000001;0.31366744502059896;0.10018283367145039;0.98207709305180457;0.89817499999999995;0.001825;898405.02043873013;1833.9225600880245;100055.10221319443;998460.12265192484;101889.02477328238;1000294.0452120132;0.10004909756273042;0.3137160688271981;0.1002326123297592;0.98200536699030505;0.89811701949465073;0.0018338829426183657;261727741.49622506;486976.64593164687;2872279.2690496561;265996871.11490175;2575465.4773645271;265504235.11821207;4.9046405411268762e-06;1.495459387149016e-05;4.8578594390786102e-06;4.6696130681808875e-05;4.6971344916659112e-06;4.8852573789070251e-07;898182.07513093774;1832.0751309371078;99992.924869063194;998175;101825;1000007.0751309374;0.099992749192129471;0.31364525263815629;0.10017574560479162;0.98200760981156676;0.89817567119410058;0.0018315796137691471;483621.71657026961;483621.71657027083;483621.71657027112;6.830473686658678e-21;1.139259314057034e-22;483621.71657026949;5.8485824438300082e-07;4.7582218503374256e-06;4.8539177990894161e-07;4.6644125661287029e-05;5.0115732615865183e-09;4.8159128903677047e-07;898370.34305869346;1799.2451800508329;100089.77959323151;998460.12265192484;101889.02477328239;1000259.3678319758;0.10008790563253969;0.31382443171157492;0.10026751466669265;0.98234184615066977;0.89811337139444969;0.0017987229730117148;262492851.07607019;873489.64541806479;3345724.0393959247;265996871.11490154;2575465.4773645313;266182412.92719769;5.5062358539432866e-06;1.9352152797203164e-05;5.3686492908046165e-06;8.4230231689738113e-05;4.7142013558950424e-06;8.72268420658647e-07;903934.64136358234;7584.6413635816943;94240.35863641827;998175;101825;1005759.6413635823;0.093812154726735777;0.29560132511310183;0.094412661744100956;0.92551297457813242;0.89874779758632395;0.0074400476869457138;137705744.23119396;137705744.23119393;137705744.23119396;9.5951892264967137e-21;5.569241628197025e-23;137705744.23119399;0.00015856470483921589;0.0013548491696456632;0.00013820974949199183;0.013281380504896462;1.3587200704368519e-06;0.00013056733205464729;0.063480930706464975;0.10002654665932689;0.0013604581403265524;2.2793871442975984e-05;
898254;100746;1000;899254;101746;1000000;0.001;0.0033059793655643606;0.0011120328627951613;0.0098283962023077067;0.898254;0.100746;898266.5856928518;100254.52959379471;1504.5559641777963;899771.14165702951;101759.08555797268;1000025.6712508228;0.0015075120426061212;0.0049728112592255461;0.0016725561777825877;0.014786771524101591;0.89822418228955558;0.10026830566783808;211447415.99401182;5362076.7795256097;2964372.1097126137;209013795.66456071;2450731.0234959726;213736531.34025493;2.9860638238568101e-06;3.2393390212589962e-05;3.6616563316829217e-06;0.00028675266927358299;4.1787556911670341e-06;6.4945339889377183e-06;897750.17910953984;100242.17910954064;1503.8208904594615;899254;101746;999496.1791095403;0.0015073029184643342;0.0049716008333636069;0.0016722982499488004;0.014780147528742772;0.89820243552173751;0.10029026155979971;2965824.9677429167;2965824.9677429022;2965824.9677429041;7.9282283863002507e-21;9.7832305407871694e-23;2965824.9677429167;2.9906553328014598e-06;3.2414982696405835e-05;3.6675898349393036e-06;0.0002864908974276504;3.0898179972735704e-08;2.4135870442602726e-06;896285.68676640408;98273.630667347883;3485.454890624801;899771.14165702951;101759.08555797268;998044.77232437802;0.0035135312205625321;0.011525892971153161;0.0038765019212343983;0.034273981963471423;0.89802027612350144;0.098466192655936161;234117433.34328952;27481899.723179866;24809189.602338206;209013795.66456082;2450731.0234959726;236681554.14056093;2.5408359869157763e-05;0.00027122322106978435;3.0715543125139162e-05;0.0023963906179250358;4.4307470198049424e-06;2.4592744405723784e-05;892357.57954916975;94849.579549169197;6896.4204508307703;899254;101746;994103.5795491694;0.0070323109644501846;0.022799423706702595;0.0076690461769764436;0.067780752568462305;0.89764084963897683;0.095326839396577198;126519085.38461958;126519085.38461955;126519085.38461958;3.4829994791096831e-21;4.5316262678105067e-23;126519085.38461958;0.00013358523365140161;0.0013827902887433821;0.00015645566293670453;0.012221411144552431;1.3801458649514402e-06;0.00010780900952015791;0;0.016102050654326728;1.0000000000000152e-06;0.00023221398698675339;
898478;1522;100000;998478;101522;1000000;0.10000000000000001;0.31408751061525447;0.10015243200150629;0.98500817556785725;0.898478;0.0015219999999999999;898710.61970139062;1524.738571562174;100060.33482135853;998770.95452274848;101585.07339292081;1000295.6930943121;0.10005415091395126;0.31415257143560904;0.1002067574923713;0.98499433802914349;0.89842092702198606;0.0015249220640639214;262530264.20736763;374119.39652732474;2758446.4790958525;266889598.60757032;2540071.7116569444;266053176.43258542;4.7822938239777836e-06;1.390670320851056e-05;4.7529148788405326e-06;3.6082804446810399e-05;4.6819862365174243e-06;3.7585833625676626e-07;898479.19590821839;1523.1959082174615;99998.804091782382;998478;101522;1000001.1959082186;0.09999909297473944;0.314083754416905;0.10015123427034198;0.98499639577414511;0.89847808371183513;0.0015228233134255309;371429.97111358523;371429.97111358889;371429.97111358983;7.6300727888667367e-21;1.1646703024746631e-22;371429.97111358697;4.4921255484273339e-07;3.6641924829372272e-06;3.725631904285835e-07;3.603766259508471e-05;3.8263689618323653e-09;3.7012082018139522e-07;898698.9833138804;1513.1021840520007;100071.97120886868;998770.95452274848;101585.07339292081;1000284.0567068008;0.10006743655684622;0.31418909601542705;0.10021849233370063;0.98510805165014681;0.8984196833936654;0.0015128800494884798;263035182.09018475;716598.83924544859;3121061.7459855601;266889598.60757053;2540071.7116569448;266537958.4912315;5.2401716025957982e-06;1.7466755626133135e-05;5.1361505326251456e-06;6.928205555293487e-05;4.689792001052619e-06;7.1773713009197617e-07;904390.45724903035;7434.4572490299906;94087.542750970009;998478;101522;1005912.4572490305;0.093643773311319747;0.29551722082558202;0.094230962275553332;0.92676998828795654;0.89906463349625954;0.0072915931924182878;137456707.44713658;137456707.44713646;137456707.44713649;9.5274265907163696e-21;5.6751207466038126e-23;137456707.44713661;0.00015824175885264925;0.0013560236742529142;0.00013787608285560946;0.013336614785176511;1.347894995391534e-06;0.0001303805268621513;0.063425037355860428;0.09997501605935763;0.0013645561244860307;2.2804217814574669e-05;
898732;1268;100000;998732;101268;1000000;0.10000000000000001;0.31444116810520056;0.10012696098653093;0.98747876920646205;0.89873199999999998;0.001268;898961.7770267392;1277.5111962240649;100053.9396188325;999015.71664557338;101331.45081505683;1000293.2278417968;0.10004762947030685;0.31448622799413301;0.10017549381447438;0.98739557990212934;0.89867443126018853;0.0012779392695048298;261657145.57435185;322609.69915407331;2739247.4415474385;266572406.92303035;2540013.0428707548;265323911.71267331;4.6966096679986574e-06;1.3332701587961428e-05;4.674675282180763e-06;3.1328586290831499e-05;4.6498486938601741e-06;3.2449504705050244e-07;898740.21596876543;1276.215968765378;99991.784031234682;998732;101268;1000008.2159687654;0.099991315315258275;0.31441533371704283;0.10011873458669041;0.98739763825921845;0.89873279952786689;0.00127588515687415;320892.17854121648;320892.17854121246;320892.17854121199;7.8604657505199066e-21;1.0439681074909252e-22;320892.17854121706;3.880588444283257e-07;3.172765201413955e-06;3.2170751154142374e-07;3.1290655835392816e-05;3.2889455351683081e-09;3.1989698440427873e-07;898946.09400673164;1261.828176216462;100069.62263884014;999015.71664557338;101331.45081505683;1000277.5448217876;0.10006535632173333;0.31453597927794125;0.10019135207642967;0.98755169271677135;0.89867279538160028;0.0012618482966662522;262202495.90702209;595859.80417550053;2988776.630888626;266572406.92303026;2540013.0428707544;265892982.96102345;5.0367942075800901e-06;1.6061010571264558e-05;4.9573973993160675e-06;5.7839063900947718e-05;4.6538056314728511e-06;5.9670400803350722e-07;904752.78429207962;7288.7842920800404;93979.215707919895;998732;101268;1006020.7842920797;0.093523637391917033;0.29550934364808784;0.094098532647317754;0.92802480258245512;0.89932822571690085;0.0071481368911789625;136544928.16246524;136544928.16246516;136544928.16246518;2.9680034471790684e-21;5.8233515123733153e-23;136544928.16246524;0.00015719628037486058;0.0013500640572571556;0.000136891865836199;0.013314691472454942;1.3322979540529223e-06;0.00012958502756345565;0.063396965616184631;0.099949133657674979;0.0013665711049023136;2.277270350683671e-05;
898943;1057;100000;998943;101057;1000000;0.10000000000000001;0.31473601754815805;0.10010581184311818;0.98954055631970073;0.89894300000000005;0.001057;899169.8840042589;1066.5871086512425;100056.21882948234;999226.10283374297;101122.80593813364;1000292.6899423932;0.10005010626234952;0.31478452809387658;0.10015682124369779;0.9894540035553131;0.89888293182922485;0.001066961908425779;262761101.12583545;283252.20772746991;2729977.6012006341;267594839.71633354;2530982.8636500989;266507847.42286855;4.703656647231691e-06;1.3212465919415001e-05;4.6812811078742402e-06;2.7653059393311539e-05;4.6355655383406227e-06;2.845220291597311e-07;898951.5738271767;1065.5738271767027;99991.426172823223;998943;101057;1000008.5738271766;0.09999087905480894;0.31470903262595074;0.10009722894381679;0.98945571482255956;0.89894383794123367;0.0010652830039561449;282147.09340602666;282147.0934060298;282147.09340602922;6.830473686658678e-21;1.2049043674692421e-22;282147.09340602683;3.4118468536513482e-07;2.7949141419779636e-06;2.8274449938171245e-07;2.762757570212736e-05;2.8796318052777697e-09;2.8137504308142312e-07;899158.57266736042;1055.2757717513537;100067.53016638239;999226.10283374297;101122.80593813364;1000281.3786054931;0.10006284405726211;0.31482012809983445;0.10016818535410199;0.98956554372365602;0.89888175351673694;0.0010554024260012059;263062542.68971312;503086.30962077138;2958888.4968753201;267594839.71633342;2530982.8636500966;266800212.19296533;4.9889576270554677e-06;1.5469303591002473e-05;4.9193666043010146e-06;4.9125261797555776e-05;4.6397711083123229e-06;5.0342529786120231e-07;905076.69152487232;7190.6915248719597;93866.308475127968;998943;101057;1006133.6915248722;0.093399810926046101;0.29543108111408622;0.093965630146191498;0.92884519108154939;0.89954935937022085;0.0070508297037287504;136910248.0744729;136910248.07447293;136910248.07447293;3.3474742075489949e-21;1.5394823816346908e-22;136910248.07447287;0.00015757303887403289;0.0013562159507147335;0.00013720013587499883;0.013406121599244042;1.3299317169242707e-06;0.00012995050042824308;0.063351902902689355;0.099907585252504427;0.0013698016204066799;2.2718653538732109e-05;
899119;881;100000;999119;100881;1000000;0.10000000000000001;0.31498270024044001;0.10008817768454008;0.99126693827380774;0.899119;0.00088099999999999995;899315.10609302716;878.86983537647347;100072.50018429256;999387.60627731809;100951.37001966915;1000266.4761126983;0.10006992556416627;0.31507919720626554;0.10015772255871488;0.9912972836205528;0.89905168369291555;0.00087839074292001939;262936230.64962205;231129.72157451813;2613435.8744701096;265934206.98974705;2490373.5837735888;266681993.48950753;4.7693782229574729e-06;1.3374460228154554e-05;4.739316777113421e-06;2.2596135466281844e-05;4.5924212400179429e-06;2.3045567572256187e-07;899115.86617557297;877.86617557154784;100003.13382442837;999119;100881;999996.86617557297;0.10000370005536804;0.31499257124524599;0.10009131427230249;0.9912980028392715;0.8991186606679229;0.00087763927670990146;229904.4259742334;229904.42597422522;229904.42597422362;8.1586213479534206e-21;1.105377996166862e-22;229904.42597423273;2.7808252728835291e-07;2.2809761042585297e-06;2.3031005353086407e-07;2.2590642086326151e-05;2.3388754140529816e-09;2.2941550554717706e-07;899277.75028554338;841.51402789175222;100109.85599177712;999387.60627731821;100951.37001966916;1000229.120305212;0.10011153971460583;0.31519648641908399;0.10019532833131456;0.99166313963355046;0.8990478037594497;0.00084065652594301056;263633508.3308264;426884.8736592427;2902178.3369285245;265934206.98974702;2490373.5837735878;267286283.86033857;5.1590281479776012e-06;1.5998859243807224e-05;5.0750516463440623e-06;4.2090205904240657e-05;4.6091151187761537e-06;4.246841712830953e-07;905319.76624263509;7081.7662426345587;93799.233757365393;999119;100881;1006200.7662426347;0.093325583492718078;0.29545135929379363;0.093881943749809932;0.92980079259092785;0.89973111073789303;0.006943305769400005;136495733.51925191;136495733.519252;136495733.519252;9.9340024053984342e-21;1.5627757876841841e-22;136495733.51925191;0.00015709413785481308;0.001354230155297487;0.00013673655720346258;0.0134122092220602;1.3212754512242153e-06;0.00012960120654070798;0.063328510274773361;0.099886017483165238;0.0013714914960013462;2.270147743636368e-05;
905379;84621;10000;915379;94621;1000000;0.01;0.03397862189364468;0.010924436763351574;0.10568478456156667;0.90537900000000004;0.084621000000000002;905899.20474488242;84532.767236770451;10076.827682545467;915976.03242742794;94609.594919315859;1000508.7996641981;0.01007775226234566;0.034229012378708304;0.011001853838302208;0.10650693057629222;0.90541949689494916;0.084502750842704796;220862671.91780874;7699672.430331016;5924343.3619852141;218654213.50534734;2299980.4723671051;222437076.01903105;6.019762910612774e-06;6.8043195554179321e-05;7.0459089886006427e-06;0.00066017650639086528;3.9060599778043304e-06;8.3127051517714342e-06;905302.69409041572;84544.694090415142;10076.305909584768;915379;94621;999923.69409041526;0.010083035309408699;0.034237898858647843;0.011007796671744429;0.10649122192309095;0.90537122090691979;0.08454574378367212;5906432.6534798676;5906432.6534798667;5906432.6534798592;7.833360696207769e-21;9.1691316540278011e-23;5906432.6534798769;6.0269593995633606e-06;6.8192525993104758e-05;7.0489327393282598e-06;0.00065970562825421548;5.2896944371308244e-08;4.9505951056255897e-06;905372.38960235496;84005.952094242559;10603.642825073264;915976.03242742794;94609.594919315845;999981.98452167038;0.010642362707819562;0.03602834120648931;0.0115805359943854;0.11210274044360484;0.90536655209022721;0.083991085201953836;255037603.83555233;37390520.466320857;35155483.707018346;218654213.50534701;2299980.4723671046;257071715.62773144;3.6044294142165746e-05;0.00040616059486274806;4.2014173362956723e-05;0.0039317179272137558;4.1855442809420367e-06;3.2886496183528275e-05;902798.72070316446;82040.720703165367;12580.279296834726;915379;94621;997419.72070316493;0.012771519723525875;0.042746055354359255;0.013743246564357171;0.13295441072103137;0.90511935250716835;0.082109127769305137;160758565.05283797;160758565.05283806;160758565.05283806;4.7704895589362192e-21;5.1033735072071594e-23;160758565.05283797;0.00017030609428444953;0.0018560327813982756;0.00019185460646211846;0.017955564107371279;1.4947291657734204e-06;0.00013989085721796875;0;0.022800032175178654;0.00010000000000000183;0.0001690881466375797;
913610;85390;1000;914610;86390;1000000;0.001;0.0035575440825434935;0.0010933621980953631;0.011575413821044102;0.91361000000000003;0.085389999999999994;913662.24181441683;84928.127773311076;1449.0302475475032;915111.27206196438;86377.158020858362;1000039.3998352765;0.001451224820141954;0.0051543284789975375;0.0015833708984987459;0.016780840852369229;0.9136092281591367;0.084939547020720541;213670284.37402132;4376491.8418146111;2525247.6788390428;212392760.36106378;1819393.5789872007;214881024.92522034;2.5421180261790345e-06;3.1971369719902679e-05;3.0159199960111884e-06;0.00033915218488012722;3.1524611418062105e-06;5.3306179673093168e-06;913160.92420288466;84940.924202885697;1449.0757971144296;914610;86390;999550.92420288513;0.0014520634586367433;0.0051551510271814257;0.0015843646987398206;0.016773652009658871;0.91357098525255476;0.084976951288807501;2529107.6862385958;2529107.6862386027;2529107.6862386027;7.7655980604274249e-21;9.7408788934244543e-23;2529107.686238599;2.5481099163741202e-06;3.2008690115125808e-05;3.023398759083891e-06;0.00033887565767097132;1.8979158426203171e-08;2.1272664660579363e-06;911790.57602563186;83056.46198452609;3320.6960363323815;915111.2720619645;86377.158020858362;998167.73404649098;0.0033440432550359014;0.011818108265899296;0.0036308178056887776;0.038472029953862855;0.91344591050264923;0.083210046242314178;232602832.42960501;22750391.079283755;20603314.682229172;212392760.36106363;1819393.5789872007;234109405.21488315;2.103116660476066e-05;0.00026110381474959998;2.465512342962348e-05;0.0027667443299128776;3.2952497035572632e-06;2.084955475518214e-05;907761.05983463209;79541.059834631989;6848.9401653679724;914610;86390;994151.05983463221;0.006982990963816646;0.024365406556999262;0.0074883722738303482;0.079279316649704529;0.91309364576486585;0.079923363271312553;124821479.2757027;124821479.27570271;124821479.27570271;3.6998399136067842e-21;3.7057691442375637e-23;124821479.2757027;0.00013169218309748226;0.0015797556077138107;0.00014921670105334046;0.016724855612584109;9.8088657417731979e-07;0.00010994202532042619;0;0.0140134301925027;1.0000000000000152e-06;0.00017274963070482215;
918463;71537;10000;928463;81537;1000000;0.01;0.036344636957858639;0.010770488430879853;0.12264370776457315;0.91846300000000003;0.071537000000000003;918906.25456788135;71417.289731994679;10099.394353134345;929005.64892101404;81516.684085129265;1000422.9386530097;0.010101466277997937;0.036698775857190148;0.010872642858071137;0.12388671301092284;0.91850061128784677;0.07139792243415527;226461434.20327294;6683302.1482166369;5478829.2117420249;223387129.3200199;1716908.0518624992;227300098.97797561;5.5936530375189315e-06;7.2012938111582408e-05;6.3645721093259056e-06;0.00081923620010696018;3.0069125475373779e-06;7.0799648360109673e-06;918362.95803960518;71436.958039604055;10100.041960395914;928463;81537;999899.95803960529;0.010106543738480186;0.036708235830972734;0.010878238508584531;0.12387065946007242;0.9184543987556405;0.071439057505880602;5444707.9172578044;5444707.9172578119;5444707.9172578119;7.2506020284968113e-21;6.5645053412208276e-23;5444707.9172578007;5.5586877176580854e-06;7.1920923792076163e-05;6.3160474496393708e-06;0.00081896460093898958;3.6227551757752483e-08;4.6974128527134827e-06;918455.77578040806;70966.810944522818;10549.873140606265;929005.64892101428;81516.684085129265;999972.45986553549;0.010587069509829477;0.03835208355264913;0.011362954370337798;0.12946227101555313;0.91846135046103217;0.070951580029137637;260486226.2831043;32786795.268191203;30936994.058062505;223387129.32002026;1716908.0518624971;261970219.3314611;3.1811736171474492e-05;0.0004099908028745592;3.6002967767174495e-05;0.0046757328180537681;3.1896392180771038e-06;2.9134979517882989e-05;915835.27822655917;68909.278226559371;12627.721773440529;928463;81537;997372.27822655893;0.012822377552415295;0.045894996346054262;0.013600673126921078;0.15487106189141778;0.91823515029852321;0.068942472149061185;163707115.19703147;163707115.19703153;163707115.19703153;4.9737774662772515e-21;4.4892746204477917e-23;163707115.19703147;0.00017323189144880251;0.0021624607114344939;0.00018990585411398579;0.024623971442665392;1.1290015975567258e-06;0.00014639097476307038;0;0.020998082060719524;0.00010000000000000183;0.00012587677614512362;
926813;72187;1000;927813;73187;1000000;0.001;0.0038375389867244688;0.001077803393571765;0.013663628786533127;0.926813;0.072187000000000001;926881.05749130261;71746.853716836617;1403.6765915467336;928284.73408285144;73150.530308383255;1000031.5877996869;0.0014061433297072581;0.0053877478523436063;0.0015126017043445913;0.019193036018574708;0.92683677271177811;0.071757083958514406;222893210.44996485;3619572.7655594605;2275235.1746248342;220850419.56636599;1319518.8846368536;224316728.72562864;2.2907940781019833e-06;3.3514713267887737e-05;2.6421604418619067e-06;0.00042542425864774681;2.3136702096745298e-06;4.2543239436127566e-06;926408.85823993559;71782.858239934183;1404.1417600657328;927813;73187;999595.85823993536;0.0014068312225165673;0.0053884487471401689;0.0015133887540546773;0.019185671773207423;0.9267832549883307;0.071809913789154023;2277175.8719414012;2277175.8719413797;2277175.8719413741;7.9146758591441819e-21;8.0044613515531383e-23;2277175.8719414016;2.2935033833339853e-06;3.3535298380014988e-05;2.6453044768053031e-06;0.00042513678379844607;1.2260244212010137e-08;1.9703897372042113e-06;925113.75038570364;69979.546611235652;3170.9836971476675;928284.73408285144;73150.530308383255;998264.28069408645;0.0031945084590674052;0.012181665157552963;0.00341934367167154;0.043403685883621444;0.92670615515886068;0.070099336382073107;242560787.76492766;21357294.75184175;19412863.44022857;220850419.56636578;1319518.8846368538;244584399.76127064;1.9838590618074564e-05;0.00028668063676984533;2.2578048204681051e-05;0.0036423151141123044;2.3960763260345341e-06;1.9595082152305705e-05;920814.72608642094;66188.72608641976;6998.2739135801812;927813;73187;994001.72608642117;0.0071383348617954194;0.026856148983140784;0.0075427633732014819;0.095621816901638026;0.9263642024839821;0.066497462654219269;130561425.93814918;130561425.93814918;130561425.93814917;3.4016843161732702e-21;2.9857911390714084e-23;130561425.93814918;0.00013767205086140795;0.001922739666138882;0.00015166800631776731;0.024375132986176447;7.3594526914344716e-07;0.00011827651883505768;0;0.012189850221162216;1.0000000000000152e-06;0.00012811068013301977;
929659;60341;10000;939659;70341;1000000;0.01;0.038896506073450084;0.010642158485152592;0.14216459817176327;0.92965900000000001;0.060340999999999999;930153.50041556975;60421.875979076307;9984.4956170621444;940137.99603263277;70406.371596138444;1000559.8720117093;0.0099852453565241143;0.038812043671641497;0.010622530683566873;0.14182642852461294;0.92961759501617225;0.060397159627304062;229500338.58313882;5407595.3596990947;4510018.1731466046;225741552.02540234;1057626.1509684334;229893957.96867368;4.608989334118089e-06;6.8078362123778549e-05;5.1216639918109256e-06;0.00091022073635165283;2.090306284663547e-06;5.6577603717249414e-06;929682.97431459429;60364.974314596533;9976.0256854034978;939659;70341;1000023.9743145945;0.0099803330356029243;0.038803254366119172;0.010616644639601703;0.14182376829165769;0.92966036969697319;0.060359297267424096;4501636.7201484097;4501636.7201484106;4501636.7201484069;7.9688859677684571e-21;3.5151867311053466e-23;4501636.7201484153;4.5930730892821062e-06;6.8106980876589751e-05;5.0983528512366664e-06;0.00090981557759365727;2.2278076202231204e-08;3.9755861077156372e-06;929984.9489549048;60253.324518408728;10153.047077729718;940137.99603263265;70406.371596138444;1000391.3205510416;0.010179958466117184;0.039471038598321267;0.010804060853824907;0.14421890129765999;0.92960387642431175;0.060216165109571895;255567662.73748344;27666035.002598293;26806985.509230949;225741552.02540228;1057626.1509684338;255922754.42983249;2.7467882722045554e-05;0.00040519483490934045;3.0435764583672226e-05;0.0054020988879895241;2.2247586536206021e-06;2.5140833286184164e-05;927353.11371142976;58035.113711429578;12305.886288570464;939659;70341;997694.11371142999;0.012486541746639374;0.047865598076256774;0.013096119218323302;0.17494613793620312;0.92948582590792383;0.058027632345440103;153330303.7126385;153330303.71263838;153330303.71263838;4.8246996675604945e-21;3.5998900258307767e-23;153330303.7126385;0.00016202742112074927;0.0023197927136186149;0.00017365505919556795;0.030989239582692459;7.8589196479415293e-07;0.00014024465797850486;0;0.019345099925938882;0.00010000000000000183;9.1638665899332561e-05;
938111;60889;1000;939111;61889;1000000;0.001;0.0041479623284987974;0.0010648368510218706;0.01615796021910194;0.93811100000000003;0.060888999999999999;938419.95149282634;60732.238987445948;1230.7036261224152;939650.6551189489;61962.942613568361;1000382.8941063943;0.00123243768424848;0.0051034082457721321;0.0013103748959374932;0.019878135977710768;0.93804726970591934;0.060720292609831743;229695467.37609085;2556220.7068913248;1671014.3882602041;227776227.06418058;827425.19496580772;230398429.45195052;1.6795772154484102e-06;2.8724127199307847e-05;1.8932103652606868e-06;0.00043610705258975978;1.6164760531823649e-06;3.0878994499936913e-06;937880.97923590336;60658.979235906023;1230.0207640941992;939111;61889;999769.97923590324;0.0012319254687129925;0.0051020797927340458;0.0013097714371295844;0.019874626574903569;0.93809666070396169;0.060671413827324265;1669673.5201154458;1669673.5201154093;1669673.520115406;8.9853255044736185e-21;8.0309311311548346e-23;1669673.5201154493;1.6797155135175232e-06;2.8727720489817057e-05;1.8932052690196203e-06;0.0004359178257349873;6.4208793458394557e-09;1.4784322701539049e-06;937013.07182934671;59325.359323966593;2637.5832896017132;939650.6551189489;61962.942613568368;998976.01444291347;0.0026532285311119288;0.010932177130215158;0.002808725006182317;0.042555206766319437;0.93795918132409306;0.059387590144794791;241929110.40219763;14515111.606482977;14086991.012609227;227776227.06418088;827425.1949658083;242174986.75329959;1.4329726820892229e-05;0.0002418971987587896;1.5966721715136759e-05;0.0036667248185813552;1.6995607029454088e-06;1.3763888396110148e-05;932558.14489191864;55336.144891918746;6552.855108081224;939111;61889;994447.14489191852;0.0066805522305694405;0.027180996132431877;0.0069777215984917979;0.10588077215791544;0.93775978751548383;0.055559660253943516;119010026.74429512;119010026.74429509;119010026.74429508;3.5236570605778895e-21;1.7311235859509764e-23;119010026.74429512;0.00012537398000102924;0.0020476379020249813;0.00013494279389595417;0.031071099513783788;4.7925448816523165e-07;0.00011035019703008543;0;0.010493369049087093;1.0000000000000152e-06;9.2325300193920904e-05;
939200;50800;10000;949200;60800;1000000;0.01;0.041626447197732203;0.010535187526337969;0.16447368421052633;0.93920000000000003;0.050799999999999998;939729.24159399269;50862.625740662101;9994.4138928053017;949723.6554867978;60857.039633467386;1000586.2812274597;0.0099941043885653485;0.041574914452680245;0.01052509595605595;0.16424391755238049;0.93916511388956092;0.05084078172187341;233265666.54196903;4966518.8458232936;4277906.2426357884;230967838.14991826;843765.24189078319;233821125.65451691;4.3671407955459982e-06;7.3909361436445497e-05;4.7537215803393306e-06;0.0011561721280872242;1.6215186326499437e-06;5.1722602309659059e-06;939214.13993544516;50814.139935446066;9985.8600645539136;949200;60800;1000014.1399354448;0.0099900337915575337;0.041567587670109686;0.010520290839184491;0.16424111948279452;0.93920059994601279;0.050809366262429267;4271494.2364395689;4271494.2364395726;4271494.2364395736;7.8740182776759754e-21;3.2240191554866806e-23;4271494.2364395615;4.3592660505824726e-06;7.4014790787109663e-05;4.7409389800424365e-06;0.0011555072272224427;1.5797115236962701e-08;3.85022479774931e-06;939738.72862010321;50872.112766772087;9984.9268666953994;949723.6554867978;60857.039633467408;1000595.7682535687;0.010006765423272179;0.041537845643877497;0.010517848866844915;0.16406416474278665;0.93916411929149812;0.050829115285230174;257939787.96946019;24445076.198971178;23931721.140943188;230967838.14991799;843765.24189078447;258319989.53684843;2.4418433735115866e-05;0.0004140293763547069;2.6584617258496444e-05;0.0064577767308330505;1.7226958760810161e-06;2.2440168131680289e-05;937008.61835017602;48608.618350176715;12191.381649823257;949200;60800;997808.61835017591;0.012369465319731741;0.050748390451376843;0.01284384918860435;0.2005161455563034;0.93905736287976127;0.048573171800505632;151967745.09054846;151967745.09054855;151967745.09054852;5.0415401020575956e-21;2.260519177984914e-23;151967745.09054846;0.00016053337791826887;0.0026332379810586493;0.00016866926806612448;0.041109695585869313;5.817411098400028e-07;0.00014178753610250412;0;0.017973009414567642;0.00010000000000000183;6.764649873568072e-05;
947302;42698;10000;957302;52698;1000000;0.01;0.044522388023691913;0.010446024347593549;0.18976052222095716;0.94730199999999998;0.042698;947830.00819869188;42735.573893177105;9973.1476885368247;957803.15588722925;52708.72158171398;1000538.7297804062;0.0099718041601073032;0.044385456557398936;0.010413134020771105;0.18921381631434137;0.94730730033880028;0.042720895501092752;232965919.95176452;4072040.8990899632;3690124.1942747473;232928838.78077114;598105.02836745779;232022454.52691942;3.7437400087160115e-06;7.2567887460572544e-05;4.0068832666566883e-06;0.0013232761571780169;1.2570650814443745e-06;4.3621698575941044e-06;947331.22470371518;42727.224703714972;9970.7752962850063;957302;52698;1000029.2247037152;0.0099741925816287432;0.044392272663824277;0.010415496150937746;0.1892059527170861;0.94730334653399306;0.042722460884377818;3672476.1399286916;3672476.1399286864;3672476.1399286916;8.2670415652019711e-21;2.7581510344968156e-23;3672476.1399286916;3.7470057999190098e-06;7.2797402507972551e-05;4.0073848350521977e-06;0.0013224239822324784;1.0200697857291093e-08;3.3661971677879135e-06;947762.97025783884;42668.535952323575;10040.185629390395;957803.15588722925;52708.72158171398;1000471.6918395528;0.010059721429454391;0.04469200292890297;0.010487643239002836;0.19047386633119004;0.9473024617168827;0.042637816853662719;257048280.08746049;19899083.971318953;19588162.894731648;232928838.78077084;598105.02836745838;256033819.03438771;2.0053627080710267e-05;0.00038827042538306603;2.1445988609410873e-05;0.0070419941376424324;1.3286701997902175e-06;1.8532406104927028e-05;945048.92376496561;40444.923764964296;12253.07623503564;957302;52698;997746.92376496538;0.012431601857821137;0.054553621462013493;0.012799593268410221;0.23251501451735623;0.94717512816366622;0.040393269978518789;151836197.07439399;151836197.07439378;151836197.07439378;5.3939058081153848e-21;1.5511290846594374e-23;151836197.07439399;0.0001603110011537033;0.0030097624416204334;0.00016568278468917031;0.054674780919354002;4.3642422064148531e-07;0.00014401857559454722;0;0.01673370357904105;0.00010000000000000183;4.9103144745596111e-05;
947738;51262;1000;948738;52262;1000000;0.001;0.0044909047015349746;0.0010540317769500115;0.0191343614863572;0.94773799999999997;0.051262000000000002;948037.89166462154;51118.077655689485;1205.8149167532761;949243.70658137591;52323.892572442681;1000361.7842370638;0.0012076178656320494;0.0054142990911275378;0.001271110320886679;0.02306491157614237;0.9476837120446352;0.051108670089732335;232144316.19833231;2193029.6223278996;1511968.1014551425;229996919.65464583;625994.76646432991;233291869.41187376;1.521159272124571e-06;3.0502830598232595e-05;1.6806390751341309e-06;0.00055399053985591439;1.172678514299233e-06;2.5191298690436925e-06;947532.71927900915;51056.719279009951;1205.2807209900689;948738;52262;999794.71927900927;0.0012070028489888345;0.0054128008565637736;0.0012704041800687565;0.023062277007961242;0.94772719242468129;0.051065804726329621;1512582.7704110486;1512582.7704110502;1512582.7704110502;7.49454751730605e-21;2.5622746654442585e-23;1512582.7704110511;1.5211287269993089e-06;3.0506109702658269e-05;1.6804537240843402e-06;0.00055379253582106677;4.1463872887544156e-09;1.3664394908506238e-06;946760.02312284079;49840.20911390728;2483.6834585354004;949243.70658137603;52323.892572442688;999083.9156952831;0.0024967695043032465;0.011147826030134899;0.0026176088324272959;0.047481583814682614;0.94761630971465582;0.049886920781039942;241240308.84252846;12397094.502650762;11932724.891550317;229996919.6546458;625994.76646433061;242171170.14629805;1.211601747171231e-05;0.00024027765608706459;1.324785328101373e-05;0.0043602381382463456;1.2145323018049341e-06;1.1856064780620616e-05;942222.87311831408;45746.873118314325;6515.1268816856937;948738;52262;994484.87311831384;0.0066423595359607554;0.02925881394405918;0.0068671507641579589;0.12466279288365721;0.94744341359234319;0.045914226871699541;118622469.95763272;118622469.95763277;118622469.95763277;3.6862873864507153e-21;1.0905549195899116e-23;118622469.95763272;0.00012490557127015105;0.0023924046687008489;0.00013178754597754303;0.043430508219621973;3.4047537451406725e-07;0.00011220345930056837;0;0.0091022899519470207;1.0000000000000152e-06;6.7584529685956997e-05;
954160;35840;10000;964160;45840;1000000;0.01;0.047566712900884635;0.010371722535678725;0.2181500872600349;0.95416000000000001;0.035839999999999997;954836.18416109774;35904.804220191887;9931.4018739024923;964767.58603500156;45836.206094094312;1000672.390255194;0.0099282115170695167;0.04722652143391054;0.010294287237951784;0.21668427942635135;0.95418380965677441;0.035887978826155874;237553886.38867635;3780591.1590938792;3475411.8255750565;238500215.15171626;443790.74546866247;237185392.73422581;3.5175696254167925e-06;7.7980921264438145e-05;3.7116683273299595e-06;0.0016500606363720111;9.3597265973728622e-07;3.9973482920087677e-06;954227.68089508091;35907.680895080695;9932.3191049193156;964160;45840;1000067.6808950814;0.0099351414549810058;0.047244777130366851;0.010301525789204419;0.21667362794326603;0.95416294367891541;0.03590191486610441;3464704.0096788211;3464704.0096788183;3464704.0096788197;8.3076991466701776e-21;2.1652279714188051e-23;3464704.0096788234;3.5339952409446845e-06;7.8392121851313969e-05;3.7270731680055416e-06;0.0016488339486073924;7.2796823744435918e-09;3.2204861275866462e-06;954796.04994765285;35864.670006746943;9971.5360873473855;964767.58603500167;45836.206094094305;1000632.2560417478;0.0099829712478157404;0.047415625316525899;0.010336446178427688;0.21753224211017447;0.9541812463555519;0.035835782396633556;252151093.27991223;17345452.208525985;17151912.958861154;238500215.1517165;443790.74546866154;251670959.54160714;1.7438683610569629e-05;0.00038722851114573336;1.8402501608162732e-05;0.0081630637351358792;9.7185810390879279e-07;1.6535213115808993e-05;952105.35570903728;33785.355709037314;12054.64429096266;964160;45840;997945.35570903728;0.012225526853681036;0.057339980411050942;0.012502742585216843;0.2629721703962189;0.95405899192973487;0.033715481216588843;146501283.37761852;146501283.37761849;146501283.37761852;4.716279450311944e-21;1.1858461261560205e-23;146501283.37761852;0.00015430956288967036;0.0033147265757275343;0.00015759528110619663;0.069719170489822152;3.178625121396009e-07;0.00014062039498030011;0;0.015676887983625327;0.00010000000000000183;3.5758072065986817e-05;
955913;43087;1000;956913;44087;1000000;0.001;0.0048686493738270536;0.0010450270818768267;0.022682423390115;0.95591300000000001;0.043087;956445.70380223694;42958.950939834816;1137.8353872348455;957583.53918947233;44096.786327069589;1000542.4901293074;0.0011385594414047636;0.0055382301723915194;0.0011882816411709503;0.025814809702252979;0.95591697132585507;0.042944469232740791;235582272.95963863;1746619.1256331126;1319432.4758266478;234892731.61365288;404124.26514189615;235580939.38579312;1.3192040811699748e-06;3.1181988204444861e-05;1.4332844072165126e-06;0.00067879813451873717;8.411018515967989e-07;2.0726143404766028e-06;955775.07034347695;42949.070343476662;1137.9296565233883;956913;44087;999862.07034347719;0.001139389635732507;0.0055401805096918213;0.001189167308337733;0.025811002257431603;0.9559068608682636;0.04295374949600634;1318744.0537517334;1318744.0537517164;1318744.0537517162;8.3754617824505217e-21;2.2975768694272897e-23;1318744.0537517341;1.3253672925738487e-06;3.1259175045581979e-05;1.4401761186592447e-06;0.00067848370200723437;2.5709237037889661e-09;1.2111920268116996e-06;955255.67453916196;41768.921676759834;2327.8646503096988;957583.53918947233;44096.786327069603;999352.46086622996;0.0023373675099055617;0.011324348081064094;0.0024306361837021103;0.052766054825740538;0.95586412463491699;0.041798507855179315;241516187.92872483;10352730.332095109;10109439.612243181;234892731.61365253;404124.2651418958;241330958.42492452;1.0237473519486382e-05;0.00023902984264533481;1.1013426732477784e-05;0.0051906812501182602;8.6459190115642475e-07;1.0132850093730181e-05;950443.9051169568;37617.90511695826;6469.0948830417465;956913;44087;994530.9051169568;0.0065924819978413129;0.031495754751549032;0.0067603793480094385;0.14673474908797943;0.95566669055560327;0.037740827446553188;114990121.06661233;114990121.06661241;114990121.06661241;3.5914196963582336e-21;7.5174174068819148e-24;114990121.06661233;0.00012093156956294352;0.0027256967056707338;0.00012557859561204192;0.059161535412105622;2.3458088974111666e-07;0.00011051378260588857;0;0.0078078959769446376;1.0000000000000152e-06;4.8057114963182668e-05;
959952;30048;10000;969952;40048;1000000;0.01;0.050738130650647091;0.010309788525617763;0.24970035956851777;0.95995200000000003;0.030047999999999998;960467.98964130669;30052.17546629014;10020.328132471921;970488.31777377904;40072.503598761999;1000540.4932400681;0.010020683021059252;0.050816888077679923;0.010327919114500218;0.25006715525221473;0.95993934197931019;0.030039974999630074;243314790.61758247;3376315.749394868;3172198.8507902315;239677256.10929364;336699.56240735285;242788555.80624187;3.2588973523565352e-06;8.1422891499896035e-05;3.4001621688069184e-06;0.0019664300580278155;7.330054976862347e-07;3.3912127596309697e-06;959937.47724239365;30033.477242393205;10014.522757606846;969952;40048;999985.47724239342;0.010017853032837603;0.050811816407933412;0.010324761181591275;0.25006299334815335;0.9599512921007306;0.030030854866428817;3153737.6330875428;3153737.6330875265;3153737.6330875279;7.426784881525706e-21;9.7408788934244537e-24;3153737.6330875433;3.2166981836403361e-06;8.1188493963280865e-05;3.3521625876759575e-06;0.0019663639157179473;5.0574224351751401e-09;2.9666618855637746e-06;960351.74348650814;29935.929311492568;10136.574287269485;970488.31777377892;40072.503598761992;1000424.2470852716;0.010149445350442498;0.051413398562887749;0.01044906511376657;0.2530048545048601;0.95993423732069372;0.029916317328863077;255622008.62624362;13418258.016146697;13105073.369994618;239677256.10929373;336699.56240735319;255204841.56245053;1.3444258436327306e-05;0.0003374649807890235;1.4005311418335747e-05;0.0081521176901944974;7.4934411857264819e-07;1.2784183352980525e-05;957799.26771512162;27895.267715120739;12152.732284879285;969952;40048;997847.26771512185;0.012322872533369887;0.061660691843254185;0.012529209986555295;0.30345416212742909;0.95985989465424248;0.027817232812388824;144971016.6090126;144971016.60901275;144971016.60901278;4.7298319774680128e-21;8.3115107949328221e-24;144971016.6090126;0.00015238084151190351;0.0037320728215709535;0.00015409221524186165;0.090389819652128153;2.3957929608462967e-07;0.00014053616745973385;0;0.014778129359908796;0.00010000000000000183;2.634784017838017e-05;
962834;36166;1000;963834;37166;1000000;0.001;0.0052835517751259478;0.0010375230589499851;0.026906312220847009;0.96283399999999997;0.036165999999999997;963319.80734278669;36029.994837866747;1136.8435628257791;964456.65090561309;37166.838400692599;1000486.6457434796;0.0011375334034167141;0.0060054413639430131;0.0011787954762312552;0.030598522307246016;0.96284262822975175;0.036019838366831022;237638936.11966866;1510987.276796025;1214293.2279574412;237041353.94177094;284350.20431420062;237768245.93898159;1.2159457519158956e-06;3.3842797993690162e-05;1.3024993015178458e-06;0.00087993410475897024;5.9672539921477067e-07;1.7370680945465967e-06;962696.90914118686;36028.909141187993;1137.090858812071;963834;37166;999862.90914118686;0.0011384459139871491;0.0060078784255560048;0.0011797579861387629;0.030594921670668622;0.9628288596595006;0.036032694426511594;1215019.1388657214;1215019.1388657168;1215019.1388657165;8.7684850699765174e-21;2.1652279714188051e-23;1215019.1388657214;1.2209200878965934e-06;3.3918376301962453e-05;1.3079123310017457e-06;0.00087961266492562183;1.6831031369865112e-09;1.1319404218292536e-06;962277.70338861539;34987.890883694818;2178.9475169976581;964456.65090561309;37166.838400692599;999444.54178930784;0.0021869414092798092;0.011506486762767788;0.0022584549508247805;0.058630252098381963;0.96280369377254915;0.035009364818171206;241933513.70647055;9163506.1191580873;8900344.2061617933;237041353.9417704;284350.20431420079;242029291.38994119;9.0018848559452557e-06;0.00024803032289344548;9.5540866447040682e-06;0.0064424013252150402;6.0644746355773185e-07;9.0125869844447619e-06;957380.85724750825;30712.857247508065;6453.1427524919172;963834;37166;994546.85724750813;0.0065753417460016591;0.034095513845069834;0.0066952844084063384;0.17363027370424367;0.96262699385482009;0.030797664399185149;113881391.65935093;113881391.65935089;113881391.65935089;3.3881317890172014e-21;6.4056866636106461e-24;113881391.65935093;0.00011969188692438122;0.0031791037462167481;0.00012258809072090456;0.08244439218993227;1.6500161832980398e-07;0.00011096883925313774;0;0.0067761405770786721;1.0000000000000152e-06;3.4868697400344497e-05;
964833;25167;10000;974833;35167;1000000;0.01;0.05400913578184767;0.010258167296347169;0.28435749424176077;0.96483300000000005;0.025166999999999998;965391.16095831303;25212.208096341743;9996.9300128845916;975388.09097119863;35209.138109226282;1000600.299067539;0.0099959153227854036;0.053951020073173851;0.010251635447193101;0.28395977094515917;0.96480352660215352;0.025200558075060553;244235261.96002248;2913441.4404716147;2730480.9837275837;241782695.33164728;250464.51013183154;244251231.52434948;2.8004789828791977e-06;7.9399139814738675e-05;2.8920248141552269e-06;0.0021999816271993868;5.432913421922807e-07;2.9237972130870303e-06;964846.94570747681;25180.945707477727;9986.0542925222508;974833;35167;1000013.9457074768;0.0099886620276838263;0.053933816220973721;0.010243861556309937;0.28396093759838059;0.96483339477472463;0.025177943197590986;2720241.1332001798;2720241.1332001779;2720241.1332001761;8.3076991466701776e-21;6.8821426964411905e-24;2720241.133200177;2.7744328106317077e-06;7.9349073366429782e-05;2.8625096432694018e-06;0.0021995647975948177;3.3635826769305325e-09;2.5845914850878806e-06;965250.69598309777;25071.743121126336;10137.394988100017;975388.09097119875;35209.138109226282;1000459.8340923236;0.010147325673141269;0.054713530248561612;0.010396936110583425;0.28796190086113987;0.9647982202133959;0.025054454113463437;254811330.22161642;11195897.87814451;10998050.580494834;241782695.33164698;250464.5101318314;254842186.62684885;1.1274774895679743e-05;0.00032054875868482312;1.1625435391671689e-05;0.0088634944061841657;5.5628370687793096e-07;1.0749435004321581e-05;962897.72648299916;23231.726483000115;11935.273516999841;974833;35167;998064.72648299893;0.012092254668861789;0.064461380797313478;0.012243403246504626;0.3393884470384122;0.96476015017827543;0.02314759515286078;134576140.75448653;134576140.7544865;134576140.7544865;4.6620693416876687e-21;6.6703844596276152e-24;134576140.75448653;0.00014077744470922991;0.0039255681916463706;0.00014161446790950761;0.10881716998797754;1.7067148734402092e-07;0.00013114470946768342;0;0.014006715047906505;0.00010000000000000183;1.9257084029411646e-05;
968679;30321;1000;969679;31321;1000000;0.001;0.0057381010897013598;0.0010312691107057079;0.031927460809041859;0.96867899999999996;0.030321000000000001;969091.04596997495;30165.422830797717;1155.1116794079614;970246.15764938574;31320.534510205664;1000411.5804801829;0.001157473710818168;0.0066333117027200135;0.0011923524339279711;0.036906938466522154;0.96868482881520357;0.030157697473977313;245268433.9071185;1375758.5877901702;1136376.4310611987;241459872.16834241;202212.74369117708;245350450.54234833;1.1452531032626536e-06;3.7536816820394439e-05;1.2123310283182622e-06;0.0011631453273604846;4.332108773662436e-07;1.4394335455679828e-06;968523.12494705489;30165.124947054581;1155.8750529454069;969679;31321;999844.12494705489;0.0011571744556893623;0.006632527900864659;0.0011920182379379233;0.036904155453063685;0.96867408205681726;0.03016874348749405;1140845.9994687694;1140845.9994687489;1140845.999468748;8.4161193639187281e-21;8.0732827785175499e-24;1140845.9994687696;1.1462186932676591e-06;3.7563271904610365e-05;1.213307949666129e-06;0.0011629359195808133;1.1222007923980608e-09;1.0756111923780671e-06;968205.63632483175;29280.013185651649;2040.5213245540217;970246.15764938586;31320.534510205667;999526.17083503655;0.0020493466748144041;0.01171120354335228;0.0021051675882794696;0.065158540100481915;0.96865690002957483;0.029293753295610712;250101019.11720088;7146471.6031489996;6953303.1276363162;241459872.1683425;202212.74369117685;250136822.07121444;7.0598808792630526e-06;0.00022915810078025166;7.4159082119381261e-06;0.0070858950543260385;4.413265576493263e-07;6.9463424481225196e-06;963200.29194109759;24842.29194109789;6478.7080589021343;969679;31321;994521.2919410977;0.0065985370606159608;0.037175481772643272;0.0066812914984258967;0.20684869764382141;0.96850382339733709;0.024897639542056815;111692140.84433506;111692140.84433511;111692140.84433509;3.6998399136067842e-21;4.4866276424876224e-24;111692140.84433506;0.0001170781352920313;0.0036775535506961472;0.00011878637648268632;0.11385480825917053;1.1462487653439857e-07;0.00010986607829947142;0;0.0058800773714519795;1.0000000000000152e-06;2.5171006826403412e-05;
968938;21062;10000;978938;31062;1000000;0.01;0.057346603233062246;0.010215151521342516;0.32193677161805423;0.96893799999999997;0.021062000000000001;969455.35435000062;21064.3648370755;10015.158063628636;979470.51241363096;31079.522900704178;1000534.8772507047;0.010015103329825886;0.057408508087937328;0.010228068881857628;0.32226241209789297;0.96892952014199873;0.021055376528175213;248257988.92415306;2602512.97746464;2495129.8466405077;245039817.79015276;198619.40961441255;248312332.86085719;2.5766206846557095e-06;8.1954252585398759e-05;2.6391712907111141e-06;0.0025704483337953259;4.2995531403296717e-07;2.585389735628243e-06;968927.98355484847;21051.983554848714;10010.016445151243;978938;31062;999989.98355484847;0.010012621270758663;0.057404044143651696;0.010225383471835025;0.32225923781956228;0.96893761183969018;0.021049766889550601;2480117.0116013964;2480117.011601375;2480117.0116013745;8.3212516738262464e-21;9.4629462076066362e-24;2480117.0116013978;2.5294675016897062e-06;8.1561944060804819e-05;2.5879852517899243e-06;0.002570474740679811;2.3924627639187298e-09;2.3762751732902863e-06;969396.38274606364;21005.393233138457;10074.129667565681;979470.51241363096;31079.522900704178;1000475.9056467682;0.010082340732064439;0.057746536691824536;0.010289013231731625;0.32413702191364724;0.96892740859850035;0.020990250669434236;256517199.50679523;9464830.6634372212;9407295.027513124;245039817.79015261;198619.40961441261;256521695.94859928;9.6703669591893084e-06;0.0003098282019605531;9.9001362162163394e-06;0.0097249805734486716;4.3942993510455816e-07;9.162938118342438e-06;967319.76456555619;19443.764565557252;11618.235434442764;978938;31062;998381.76456555619;0.011756699161255078;0.066626633772729357;0.011868203537346363;0.37403372076629732;0.96888397367391677;0.019359327164831023;119844344.47054802;119844344.47054793;119844344.47054794;4.621411760219463e-21;6.6174449004242214e-24;119844344.47054802;0.00012478865933685931;0.0039412405438884208;0.00012505675923731857;0.12421061539994248;1.18029672499575e-07;0.00011723107448198883;0;0.013403486347383583;0.00010000000000000183;1.4798983848361717e-05;
972386;17614;10000;982386;27614;1000000;0.01;0.060714756471707765;0.01017929815775062;0.36213514883754616;0.97238599999999997;0.017614000000000001;973026.73143677937;17640.307847814282;9992.5982401450765;983019.32967692509;27632.906087959338;1000659.6375247412;0.0099902815621157326;0.060634643768269228;0.010167424705835744;0.36164319063853206;0.97237858877918382;0.017631129658699306;248444372.40241969;2277919.211278643;2200056.8541530902;246981639.18253937;151251.52872741179;248550462.60917005;2.2600283807671289e-06;8.0780901722003268e-05;2.2988708519207184e-06;0.0028698882358107873;3.3303324903339681e-07;2.2839552616258729e-06;972399.67752650206;17627.677526502648;9986.3224734973537;982386;27614;1000013.6775265023;0.0099883950266444199;0.060631713702633358;0.010165375395717496;0.36163983752796969;0.97238631728686475;0.017625287686489965;2188034.0152556309;2188034.0152556319;2188034.0152556328;8.2805940923580399e-21;6.5909751208225245e-24;2188034.0152556314;2.2308450626950626e-06;8.0657096474930743e-05;2.2671995143036823e-06;0.0028694286368371523;1.6675747174479439e-09;2.1105273788753539e-06;973018.50580321799;17632.082214251976;10000.823873707383;983019.32967692509;27632.906087959338;1000651.4118911781;0.010004098187974861;0.060685489359413813;0.010175732446205447;0.36195407780549343;0.97237822224662507;0.017617679565399398;253844239.08950216;7789398.2321488829;7692692.5954662645;246981639.1825394;151251.52872741187;253969172.57580978;7.8733226800720484e-06;0.0002835486740017651;8.0094775865965695e-06;0.010072560875010199;3.366191840273398e-07;7.615635400345127e-06;971265.40942914272;16493.409429142492;11120.590570857512;982386;27614;998879.40942914272;0.011238145927973751;0.067518394833118195;0.011319980711102845;0.40271567215388998;0.97235214835479433;0.016409705717229335;104523848.57806352;104523848.57806408;104523848.57806408;6.0444271116066873e-21;1.06276165100813e-23;104523848.57806352;0.00010822272474851456;0.0038530434535804328;0.00010830563742476939;0.137074525464947;8.0897361570209199e-08;0.00010238587493938031;0;0.012837790069054363;0.00010000000000000183;1.1017789443916782e-05;
973604;25396;1000;974604;26396;1000000;0.001;0.0062347184385280578;0.0010260577629478229;0.037884527958781632;0.97360400000000002;0.025395999999999998;974149.64098581485;25316.371413263169;1098.65499564942;975248.29598146339;26415.026408912596;1000564.6673947289;0.001100476570739177;0.0068505273527320306;0.0011281035383752555;0.04160531284890339;0.97359357567322735;0.025305947756033242;247323288.6275456;1100415.1364824604;964119.80617146927;244066614.93049696;132283.24046630011;247641896.06410387;9.7067272043285842e-07;3.7521706491526111e-05;1.0177756386144465e-06;0.0013843805282438176;2.9294566920771953e-07;1.1393647521762304e-06;973505.81260336866;25297.812603367765;1098.1873966321987;974604;26396;999901.81260336889;0.0010992521232172296;0.0068468892107418989;0.0011268037034859264;0.041604311131694126;0.97360138275819852;0.025299365118585437;964528.20721564465;964528.20721562987;964528.20721563022;8.3754617824505217e-21;6.0748144185894355e-24;964528.20721564582;9.6855669749723446e-07;3.749286462326649e-05;1.0154500233897475e-06;0.0013843270129297632;6.7349307257197413e-10;9.181492263597422e-07;973317.25450720021;24483.984934648131;1931.0414742644609;975248.29598146339;26415.026408912596;999732.28091611236;0.0019384526169271801;0.012035486814173237;0.0019817400289112402;0.07310240756014795;0.9735714539679583;0.024490093415113181;251306299.88133219;6208774.2713507274;6133729.8462840738;244066614.93049708;132283.24046630017;251563656.41264585;6.2166271295888687e-06;0.00023837727761776204;6.4696819005579881e-06;0.0087886935829890791;2.9844985531044846e-07;6.0642402802421421e-06;968345.99546757818;20137.995467578785;6258.0045324212133;974604;26396;994741.99546757841;0.0063657819977040618;0.039016896246678687;0.0064210741310534464;0.23708154767469411;0.97346250631206188;0.020171711690219425;100354942.86785573;100354942.86785598;100354942.86785598;3.9302328752599533e-21;2.7131524091739306e-24;100354942.86785573;0.00010473449439200599;0.0039009686384205151;0.0001056531352013203;0.14403317316560216;7.2827906321449253e-08;9.9283702490191809e-05;0;0.0050772923533068323;1.0000000000000152e-06;1.7770475910377361e-05;
975278;14722;10000;985278;24722;1000000;0.01;0.064073552854665775;0.010149419757672454;0.40449801795971202;0.97527799999999998;0.014722000000000001;975782.21699004353;14686.484089207746;10030.200206860092;985812.41719690291;24716.684296067819;1000498.9012861126;0.010029597916722165;0.064257255854998988;0.01017704309910503;0.40576325142850056;0.97528951877395642;0.014680883309322032;248302115.15263057;2056563.604278065;2086045.9508750711;246379073.62523094;124284.62883802278;248159480.39277983;2.1411064855963898e-06;8.4575170545647221e-05;2.1650727312114661e-06;0.0033418541130955221;2.7595594105192882e-07;2.0463570154193051e-06;975246.84662279102;14690.846622791763;10031.153377208257;985278;24722;999968.84662279102;0.010033528131818676;0.064273163610781336;0.010181038627888037;0.40575816589306124;0.97527717932428348;0.014689292543898969;2042901.2437416746;2042901.2437416639;2042901.243741666;8.5109870540112098e-21;3.0572595439959904e-24;2042901.2437416734;2.0837545193389874e-06;8.3869679824469145e-05;2.1044073090239827e-06;0.0033425673650227927;1.2484495908755974e-09;1.9829939011534274e-06;975679.68941987387;14583.956519038529;10132.727777029297;985812.41719690303;24716.684296067819;1000396.3737159427;0.010139062783195766;0.06492290199978612;0.01028244993213367;0.40996842192890465;0.97528683806133665;0.014574099155468248;255292461.12611398;6630563.5333194584;6591364.3013482634;246379073.62523094;124284.62883802275;255218507.9448314;6.7570642833645293e-06;0.00027032487410031812;6.8315091444375237e-06;0.010743031978157781;2.7898608438001431e-07;6.4362769865415351e-06;974467.663492008;13911.663492007699;10810.336507992297;985278;24722;999189.66349200811;0.010910489096518658;0.069265666762156647;0.010971864294130463;0.4372759690960405;0.97525571375104991;0.013833797152435932;90706424.547188193;90706424.547187895;90706424.547187909;6.383240290508407e-21;5.254251250936832e-24;90706424.547188193;9.3423679354911264e-05;0.0037238798537620669;9.3437342298016287e-05;0.14841262416289072;5.5973365953743556e-08;8.8906147372325097e-05;0;0.012363212540615773;0.00010000000000000183;8.5651924798446139e-06;
977701;12299;10000;987701;22299;1000000;0.01;0.06738210273410844;0.010124521489803088;0.44845060316606128;0.97770100000000004;0.012298999999999999;978192.59566491505;12261.950964153666;10036.361217553213;988228.95688246749;22298.312181706864;1000490.9078466201;0.010035480043308963;0.067612126265721106;0.010158268622634059;0.45007019462757936;0.97770706602436563;0.012257453932325964;248605977.90706873;1809276.1882240013;1823728.8825034108;247177455.81972685;102984.40724886284;248419699.12222764;1.8733846181272936e-06;8.1851353247358989e-05;1.8848145015146125e-06;0.003602263401894068;2.2805586027246616e-07;1.803364224945794e-06;977664.95226611919;12262.952266119379;10036.047733880641;987701;22299;999963.95226611919;0.010038217435023948;0.067624999944876196;0.010161018095436397;0.45006716596621538;0.97770015622714668;0.012261626337831113;1791348.8916893867;1791348.8916894055;1791348.8916894055;8.6058547441036916e-21;2.2631661559450839e-24;1791348.891689386;1.8272865184785371e-06;8.1333469436496242e-05;1.8362389376586969e-06;0.0036025449166284134;8.9070661466783925e-10;1.7474907655376572e-06;978097.51263000339;12166.867929242228;10131.444252464657;988228.95688246738;22298.312181706864;1000395.8248117096;0.010136989693292187;0.068263396906719565;0.010256203942109269;0.45440274206957465;0.97770481915426255;0.01215819115244497;255487179.43223375;5620299.9559895853;5568402.5472048605;247177455.81972632;102984.40724886282;255367250.75045657;5.7278113620290828e-06;0.00025324893167337443;5.76058856150304e-06;0.01118961392508807;2.3033464877571327e-07;5.4780250619143687e-06;977335.72848853096;11933.728488530967;10365.271511469044;987701;22299;999634.72848853096;0.010449376748612803;0.069843378985273333;0.01049434141655124;0.46483122612982813;0.97769107856225701;0.011859544689127186;79467486.013669178;79467486.013669476;79467486.013669476;6.4374503991326823e-21;2.0778776987332055e-24;79467486.013669178;8.1458638830793012e-05;0.0036081002281986916;8.1458889875176983e-05;0.15981542685735092;3.9706826321272043e-08;7.7901422513969529e-05;0;0.011970987734355452;0.00010000000000000183;6.7509451893767284e-06;
977746;21254;1000;978746;22254;1000000;0.001;0.0067758059214639349;0.0010217155421324837;0.044935741889098588;0.977746;0.021253999999999999;978169.70098371245;21159.075410779285;1101.3346883020208;979271.03567201598;22260.410099081269;1000430.1110827957;0.0011034060865963956;0.007465128972422878;0.001126403060611712;0.049480114642891461;0.97774385522826712;0.021152738685138162;246570663.70946279;967149.76801609981;874884.082204437;242996677.25256401;98392.211789500609;246829569.16902891;8.835733296913409e-07;4.0302126854284701e-05;9.1890728708836594e-07;0.0017690095654131529;2.1260740179462585e-07;9.7720253927385818e-07;977644.89431572042;21152.894315719386;1101.1056842806222;978746;22254;999898.89431572042;0.0011020846069038925;0.0074608784157062374;0.0011250167911599346;0.049479000821453366;0.9777437304786788;0.021154184914416823;876111.4558727605;876111.45587276504;876111.45587276551;8.1179637664852141e-21;5.7307072837673757e-24;876111.45587275922;8.7952757065169811e-07;4.0223631306979516e-05;9.1457506963555675e-07;0.0017690625616599701;4.3470783754288417e-10;8.4085537228088425e-07;977445.77403784392;20435.148464910711;1825.2616341705434;979271.03567201609;22260.410099081269;999706.1841369262;0.0018327956076134252;0.012370557412839;0.0018665624862617299;0.081994273434251863;0.97772761463813962;0.020439589754247867;251470212.93126425;5165889.7270350596;5095815.9401531518;242996677.25256419;98392.211789500579;251706926.49190032;5.1718013472038801e-06;0.00023450694080263216;5.3423365090825974e-06;0.010299742732623463;2.1612916999772375e-07;5.0279257930453243e-06;972804.15222986031;16312.152229860647;5941.8477701393331;978746;22254;995058.15222986031;0.0060348510168778974;0.040260807305347264;0.0060708782157365901;0.26700133774329704;0.97763406635910244;0.016331082624010698;86404195.885468736;86404195.885469139;86404195.885469154;4.4994390158148436e-21;1.5087774372967225e-24;86404195.885468736;8.9752425404155631e-05;0.0039669502040821612;9.019756897258666e-05;0.17446915810391644;4.4360272564008457e-08;8.5806075437069892e-05;0;0.004461537631861287;1.0000000000000152e-06;1.3020742540656491e-05;
979729;10271;10000;989729;20271;1000000;0.01;0.070599929168250114;0.010103775882084894;0.49331557397267034;0.97972899999999996;0.010271000000000001;980313.22819243011;10262.580547952854;10014.476530517059;990327.70472294861;20277.057078469927;1000590.2852709017;0.010012357661033025;0.070672583455592755;0.010114533122300316;0.49386046283078711;0.97972985356824083;0.010257788770725812;250356356.59802154;1639896.592985769;1656522.1596744715;249317230.26000616;77965.694928543977;250299656.03439108;1.7012021575837042e-06;8.1635201851285334e-05;1.7048232104687915e-06;0.003962934971293912;1.8029336895713944e-07;1.6341438948476823e-06;979717.98539797636;10259.985397977824;10011.014602022169;989729;20271;999988.98539797659;0.010012769388799683;0.070677692180508442;0.010114904789111147;0.49385894144453529;0.97972874371457463;0.01025848689662643;1628584.4252021643;1628584.4252021583;1628584.425202158;8.9175628686932744e-21;1.1249656330721177e-24;1628584.4252021632;1.6608630090006649e-06;8.1174347774143758e-05;1.6625613715771351e-06;0.0039633272185957968;6.6902356049225029e-10;1.594864004728575e-06;980226.88897470746;10176.241330229333;10100.81574824059;990327.70472294849;20277.057078469927;1000503.9460531774;0.01010431736624934;0.071289580841148517;0.010203163282694966;0.49815708302304046;0.97972799316306736;0.010167689470683946;256365019.51952839;4995060.7438703235;4981715.0439879438;249317230.26000592;77965.694928544006;256338290.22246888;5.1102135202667211e-06;0.00024802163787245111;5.1218267343698718e-06;0.012073148761260843;1.8236608355608916e-07;4.8784120554379041e-06;979889.70235882024;10431.702358820014;9839.2976411799809;989729;20271;1000160.7023588205;0.0099072993355164042;0.06946537165326401;0.0099414058203608942;0.48538787633466485;0.97973086052987068;0.010361840134612483;68913799.640961245;68913799.640961245;68913799.640961245;3.6049722235143024e-21;1.6543612251060553e-24;68913799.640961245;7.0317194961226889e-05;0.0034349049714132258;7.0351539336037925e-05;0.16770879889753082;2.8324949066747587e-08;6.7522945931957988e-05;0;0.011631209615159135;0.00010000000000000183;5.3414877204664652e-06;
981226;17774;1000;982226;18774;1000000;0.001;0.0073640356155783397;0.0010180956317588823;0.053265153936294878;0.98122600000000004;0.017774000000000002;981738.16366874322;17742.045972540098;1045.4547145133008;982783.61838325812;18787.500687053376;1000525.6643557972;0.0010467639720367677;0.0076975476169923625;0.0010649266010604598;0.05564598357719653;0.98121783330835644;0.017735402719606452;247122895.32460099;806981.53490553447;748416.74254135776;244731898.00754827;67595.238511481395;247259446.00362083;7.5376303211544311e-07;4.062254547080249e-05;7.7876475562353326e-07;0.0021206553456141822;1.5095584666779923e-07;8.2616549320112459e-07;981181.32023571013;17729.320235710806;1044.6797642891606;982226;18774;999955.32023570978;0.0010454731935147803;0.0076930589910993528;0.0010635839046096922;0.055645028458994314;0.98122514713912645;0.017729379667359407;747497.71312809642;747497.71312809514;747497.71312809526;7.4538899358378436e-21;4.3807485240808348e-24;747497.71312809526;7.5000455418106761e-07;4.0536068844437454e-05;7.7479536938084424e-07;0.0021207830380737401;2.6382100634707201e-10;7.2213533722498318e-07;981106.7321975613;17110.614501357879;1676.8861856955398;982783.61838325812;18787.500687053376;999894.23288461554;0.001682150394368135;0.012347102851200416;0.0017078762674378038;0.08927317284685464;0.981205907973841;0.017111941631790556;250273694.75622949;4018863.9862245643;3968971.2849786165;244731898.00754821;67595.238511481381;250401573.34413141;4.0122528862433103e-06;0.00021522596082120012;4.1217318451528387e-06;0.011245366171743118;1.5260353764427168e-07;3.9467971594178206e-06;976670.7347436205;13218.734743619807;5555.2652563801885;982226;18774;995444.7347436205;0.0056326405710554091;0.040909171201968714;0.0056557912907825624;0.29590205903804162;0.98113911369223894;0.013228245736717719;71619812.630397603;71619812.630398348;71619812.630398348;4.472333961502706e-21;3.0175548745934451e-24;71619812.630397603;7.4041400039901993e-05;0.0038838722907423898;7.4235276185315554e-05;0.20319805820000122;2.6044744076517099e-08;7.1290115624439253e-05;0;0.0038772586594862926;1.0000000000000152e-06;9.1567803417349467e-06;
981426;8574;10000;991426;18574;1000000;0.01;0.073691454296024819;0.01008648149231511;0.53838699257025946;0.98142600000000002;0.008574;981977.05514614342;8564.2895497206227;10014.453217491358;991991.50836363668;18578.742767212003;1000555.7979133562;0.01001245321853696;0.073772403943395043;0.010097523979659752;0.53904040841870615;0.98142691061737741;0.0085606361640853772;251054482.21009558;1432124.4030402608;1428280.0470716099;250274939.7133815;64827.48451627024;250953801.99320444;1.4695140315017282e-06;7.6960344901734568e-05;1.4673737315809054e-06;0.0041010032859333957;1.5198876752539386e-07;1.4287306361795743e-06;981413.88694504939;8561.8869450491202;10012.113054950876;991426;18574;999987.88694504939;0.010013662998234802;0.073780717159554546;0.010098699302772853;0.53903914369284278;0.98142574873610933;0.0085605882656555141;1414825.5632149288;1414825.5632149365;1414825.5632149368;8.9311153958493432e-21;1.5352472168984194e-24;1414825.5632149307;1.4429438405458636e-06;7.6831118004854908e-05;1.4394026239196622e-06;0.0041010212123980391;4.8799746223182958e-10;1.3903600778213659e-06;981906.35798592516;8493.5923895016349;10085.150377710339;991991.50836363668;18578.742767212003;1000485.1007531378;0.01008787054567847;0.074301704611932903;0.010170239905138623;0.54289406568435361;0.98142551308781656;0.0084866163665053129;256362405.91546634;4030803.6421465953;3995136.903066379;250274939.71338153;64827.484516270182;256293548.08168638;4.1089858454109628e-06;0.0002173950234958743;4.1029163483024955e-06;0.011590554627912451;1.5332254505072562e-07;3.9510229349780507e-06;982010.8872491644;9158.8872491638813;9415.1127508361242;991426;18574;1000584.8872491644;0.009470561547767405;0.069381335097015814;0.0094965360509368622;0.50689742386325598;0.98143573642555981;0.0090937020266763785;60806297.575606115;60806297.575606085;60806297.575606085;3.3881317890172014e-21;5.2410163611359836e-24;60806297.575606115;6.1797803569607127e-05;0.0033020436907104599;6.1862569179399411e-05;0.17625347087898585;2.0899754007103569e-08;5.9545767871134583e-05;0;0.011343215295806824;0.00010000000000000183;4.3983074471795052e-06;
982845;7155;10000;992845;17155;1000000;0.01;0.076623839903075003;0.010072065629579642;0.58292043136111926;0.98284499999999997;0.0071549999999999999;983404.7204110116;7138.819853961576;10015.256719486433;993419.97713049629;17154.076573448016;1000558.7969844588;0.010013638310662001;0.076725931139572545;0.010084339382364587;0.58382541512480091;0.98285128220154705;0.0071350794877908926;252125528.48600498;1288881.615168771;1306812.8523108754;250435934.36892965;53268.629387451634;252254072.11096174;1.3582447709030417e-06;7.6147800179343373e-05;1.3525710891571613e-06;0.0043574490181869912;1.240050215405921e-07;1.2768421457654648e-06;982829.53481156426;7139.5348115622091;10015.465188437791;992845;17155;999984.53481156426;0.010016915070633894;0.076742340115367985;0.010087642268871556;0.58382192879264316;0.98284471269501428;0.0071383722343529611;1282516.0073772985;1282516.0073772939;1282516.0073772946;8.131516293641283e-21;1.6808310047077523e-24;1282516.0073772992;1.3080755516791114e-06;7.5299244519327094e-05;1.3010676789721014e-06;0.0043579410332142974;3.7737360955556104e-10;1.2640172102608371e-06;983339.85260993382;7073.952052885892;10080.1245205621;993419.97713049629;17154.076573448016;1000493.9291833843;0.010081422841632994;0.077227404848860315;0.010150010192764241;0.58765549767855096;0.98285013850938474;0.0070684386489819921;254602658.64447674;3219498.3056098833;3209138.181309408;250435934.36892936;53268.629387451627;254759493.63087606;3.3001712547806949e-06;0.0001884720089827616;3.285917130776281e-06;0.010889250988127737;1.2433383333602198e-07;3.1686001303287969e-06;983908.6148705798;8218.6148705787673;8936.3851294212309;992845;17155;1001063.6148705798;0.0089793249345755631;0.068474014346899481;0.0090007857514730286;0.52092014744513138;0.98286233631757247;0.0081583387478527704;53241185.468180709;53241185.468180545;53241185.468180545;7.128629284092192e-21;1.0190865146653301e-24;53241185.468180709;5.3916156697296086e-05;0.0031259033181704086;5.4011322435237522e-05;0.18091154065455611;1.5554556187614949e-08;5.210016339577577e-05;0;0.011169682947137362;0.00010000000000000183;4.0576145808198058e-06;
984030;5970;10000;994030;15970;1000000;0.01;0.079368431197300193;0.010060058549540759;0.6261740763932373;0.98402999999999996;0.0059699999999999996;984583.52550496941;5962.806743564418;10006.331638283671;994589.85714325402;15969.138381848104;1000552.6638868188;0.010004675488387725;0.079402599729738579;0.010063484640685414;0.62657103365515532;0.98403544371955443;0.0059598807920582236;263906558.24653339;1193536.7869933888;1222007.8600397233;262555850.54108757;46077.052756730918;263781205.35052338;1.2727469217715051e-06;7.6198348337843736e-05;1.2645798485549227e-06;0.0046781657062999584;1.1443531827637882e-07;1.1874604594249538e-06;984023.71838226949;5963.7183822697261;10006.28161773027;994030;15970;999993.71838226949;0.010007549422042872;0.079418287411763641;0.010066377893755989;0.62656741501128888;0.98402988062943564;0.0059625699485215079;1193217.912615553;1193217.9126155453;1193217.9126155446;7.9959910220805948e-21;2.6238169030182039e-24;1193217.9126155523;1.2168787475020727e-06;7.516494717140385e-05;1.2075935397596863e-06;0.0046785355314208302;3.0423865400828141e-10;1.1787007018043822e-06;984525.92969286582;5905.2109314602158;10063.927450387881;994589.85714325402;15969.138381848104;1000495.0680747142;0.010064488196467753;0.079862922312247717;0.010121481226058923;0.63022557336018803;0.9840345081117694;0.0059010036917609985;265501967.7814455;2774244.1368891145;2778811.823277845;262555850.54108763;46077.052756730991;265400518.27209386;2.8632431335462647e-06;0.00017485302255981015;2.8439776980065709e-06;0.010846915513320256;1.145429975636959e-07;2.7481816473990269e-06;985453.26112663851;7393.2611266383747;8576.7388733616262;994030;15970;1001423.2611266385;0.0086114861559344179;0.068072230916761303;0.0086282495230140706;0.53705315424931954;0.98405195501591902;0.0073365588281352487;48739109.811065696;48739109.811065868;48739109.811065875;7.6707303703349432e-21;2.0745689762829934e-24;48739109.811065696;4.9224279317757043e-05;0.0030702460760915146;4.9326307893304854e-05;0.19110311252456325;1.2306837073870928e-08;4.7679929242545204e-05;0;0.010957336353050032;0.00010000000000000183;3.6039170355137593e-06;
984144;14856;1000;985144;15856;1000000;0.001;0.0080011667796241262;0.0010150800289094792;0.063067608476286577;0.98414400000000002;0.014855999999999999;984671.61125627614;14782.944722536691;1061.4093731385894;985733.02062941587;15844.354095675286;1000515.9653519535;0.0010622867625727861;0.0084942238503533923;0.0010774962618095357;0.066970298698490846;0.98415966879390016;0.014778044443526966;257954662.09733713;768803.38671721402;737268.73332126555;256430905.57689336;45813.868917624699;257743217.14888245;7.3912181547960888e-07;4.7163177549803238e-05;7.5887431762691424e-07;0.0029335972545456545;1.1295438250045523e-07;7.9261512147371784e-07;984082.14140764298;14794.14140764295;1061.8585923570745;985144;15856;999938.14140764298;0.0010626592799697892;0.0084961076938258589;0.0010778714506275995;0.066968881959956733;0.98414300746698991;0.014794333253040391;737506.861344298;737506.86134428834;737506.86134428775;8.0230960763927324e-21;1.9587636905255694e-24;737506.86134429777;7.401549438370233e-07;4.7214208257713096e-05;7.5991782534766551e-07;0.0029334506798585113;1.8571276824478176e-10;7.1689231137154087e-07;983981.36082868371;14092.694294942485;1751.659800732788;985733.02062941587;15844.354095675286;999825.71492435841;0.0017555918122168983;0.01401540205695917;0.0017774745051414779;0.11052491122662016;0.98414869733250365;0.01409571085527849;259230137.81556284;3789156.6809313633;3750465.2820923915;256430905.57689333;45813.86891762467;259025849.61255148;3.7793629114641567e-06;0.00023990817567664873;3.8610173527225329e-06;0.014917517191740266;1.1355464806696185e-07;3.7582880057464631e-06;979862.90647276386;10574.906472764049;5281.0935272359502;985144;15856;995718.90647276386;0.0053461238199752478;0.04225491009020832;0.0053607325703003347;0.33306593890236824;0.98407515670399648;0.010578719476018213;59878578.055092528;59878578.055092521;59878578.055092521;2.6291902682773483e-21;7.7754977579984597e-25;59878578.055092528;6.1632973043606446e-05;0.0038333469187198745;6.1698136255433237e-05;0.2381684357275051;1.5464370175989082e-08;5.9695885124911946e-05;0;0.0034064188076330321;1.0000000000000152e-06;6.6260665011535318e-06;
985020;4980;10000;995020;14980;1000000;0.01;0.081908352042633525;0.010050049245241301;0.66755674232309747;0.98502000000000001;0.0049800000000000001;985582.76751486771;4970.4216378715846;10012.975406573794;995595.74292144307;14983.397044445377;1000566.1645593131;0.010011326880161165;0.081988905610000454;0.010060329364713695;0.66826175929945364;0.98502114245999117;0.0049675306598468277;264531814.09087953;996381.48372442299;1014394.696323148;262704688.90607911;41199.367847136338;264514939.80330014;1.0672515286637766e-06;6.7718236677396029e-05;1.0585283669796185e-06;0.0044277108290638511;1.0000635105921347e-07;9.8789302529656625e-07;985009.46606430644;4969.466064306579;10010.53393569342;995020;14980;999989.46606430644;0.010011642704136797;0.081994633773950595;0.010060635902487821;0.66825994230263164;0.98501982731910231;0.0049685299767621817;993666.9012080346;993666.90120802715;993666.90120802738;8.4567769453869346e-21;2.091112588534054e-24;993666.90120803553;1.0132902376852589e-06;6.6664895130220242e-05;1.0036382475233645e-06;0.0044280977271342918;2.2290239648333449e-10;9.8345554055595078e-07;985522.1222193772;4909.7763423785982;10073.620702066801;995595.74292144307;14983.397044445377;1000505.5192638204;0.010074128079402103;0.082488565446326809;0.010121509944068395;0.672343229693528;0.98502021424319997;0.0049056576773995235;266224544.07094988;2305080.46431656;2308818.6955559426;262704688.90607873;41199.367847136389;266221944.76472935;2.3928619752549106e-06;0.00015520436694994752;2.3725804084178105e-06;0.010257695981617441;1.0022192807269091e-07;2.2809156416246694e-06;986806.29548955394;6766.2954895541325;8213.7045104458666;995020;14980;1001786.2954895539;0.0082410084134896932;0.067277100061577041;0.0082548134815840814;0.5483113825397774;0.98504608880591682;0.0067129027806033456;44998567.137186661;44998567.137186661;44998567.137186661;2.9544509200229996e-21;8.5365039215472458e-25;44998567.137186661;4.5337458623242956e-05;0.0030189440300001313;4.5450123182852983e-05;0.20052801660419023;9.9732809038706159e-09;4.4002570260233101e-05;0;0.010792946768118164;0.00010000000000000183;3.2585225802465217e-06;
985846;4154;10000;995846;14154;1000000;0.01;0.084229517468272438;0.01004171327695246;0.70651405962978664;0.985846;0.0041539999999999997;986359.71705664834;4139.7722797906408;10013.886198688828;996373.60325533582;14153.658478479496;1000513.3755351275;0.010012210738088136;0.084331428726672777;0.010052977624504824;0.70750992556550385;0.98584990665104977;0.0041378826108628107;262927456.14167762;853991.81692892977;869686.28437686258;262066175.01764306;36230.197370160677;262915200.23185042;9.11282087995224e-07;6.1114914406224592e-05;9.0242305449736908e-07;0.004246498291395776;8.8331902864192209e-08;8.4950769189658716e-07;985831.93432070059;4139.9343206984558;10014.065679301561;995846;14154;999985.93432070082;0.010015065392138325;0.084347992006315792;0.010055837628811641;0.70750781964826537;0.98584578887568075;0.0041391457321788431;850743.27305606764;850743.27305606694;850743.27305606694;7.345469718589293e-21;2.4484546131569619e-24;850743.27305606648;8.6745237131021446e-07;6.0356931046524758e-05;8.5785553392041737e-07;0.004246588127381482;1.7035750603108753e-10;8.4331001423500765e-07;986320.1119482161;4100.1671713600899;10053.491307119377;996373.60325533582;14153.658478479496;1000473.7704266963;0.010053436516341722;0.084667913410659615;0.01009287735050976;0.71034846273294361;0.98584933435176836;0.004097229131890574;264194920.58083799;1944820.6718901398;1944863.0690430203;262066175.01764309;36230.197370160713;264198316.74130616;2.0102862910545976e-06;0.00013794417898828459;1.9903429536909748e-06;0.0096781462508477144;8.8415420997455877e-08;1.9287420644377377e-06;987947.10956894665;6255.1095689461454;7898.8904310538546;995846;14154;1002101.1095689468;0.0079202130614788799;0.066531972954242485;0.0079318392914706562;0.55806771450147319;0.98587514584586167;0.0062046410926520383;42213262.639815688;42213262.639815651;42213262.639815658;2.4936649967166602e-21;1.8264147925170853e-24;42213262.639815688;4.2455700427901273e-05;0.0029948670334443883;4.2566167852631539e-05;0.21071261521742682;8.337803297235005e-09;4.1274101629502277e-05;0;0.010646852622655391;0.00010000000000000183;3.0031513684535879e-06;
986536;3464;10000;996536;13464;1000000;0.01;0.086330936561530167;0.010034760410060449;0.74272133095662507;0.98653599999999997;0.0034640000000000001;987070.86690308515;3474.7237156044071;9990.093613295634;997060.96051638084;13464.817328900026;1000535.6842319858;0.0099879255381858083;0.086223921741691509;0.01002200777755255;0.74190828612162252;0.98653881652233555;0.0034732579394794252;262260486.29043442;739890.29776319256;767639.28614509327;261843575.84254748;33014.061948787545;262109506.93657184;8.0545842112050251e-07;5.6207124661799261e-05;7.9675266512648157e-07;0.0040830445216367452;8.174664773146818e-08;7.3946612324187217e-07;986546.97401338513;3474.97401338706;9989.025986612929;996536;13464;1000010.9740133852;0.0099896636329590005;0.0862361968761758;0.010023748250552852;0.74190626757374689;0.98653613779093674;0.0034741985761045256;740205.40887640067;740205.40887639648;740205.40887639602;1.1289255121005314e-20;1.8495758496685701e-24;740205.40887639939;7.5463886815238897e-07;5.5167735682601368e-05;7.4536032138382064e-07;0.0040832319255939544;1.3410489437601746e-10;7.3465325478774909e-07;987045.57795470906;3449.4347672274371;10015.382561672599;997060.96051638061;13464.817328900026;1000510.3952836089;0.010014417158569528;0.086441865083068323;0.010047424700047292;0.74377777001517831;0.98653846074751295;0.0034471220939170872;263215015.00499335;1635635.7189018338;1666644.8197926895;261843575.84254754;33014.061948787625;263060775.53862199;1.7259039903262887e-06;0.00012330153647173824;1.7069742668220738e-06;0.0090336611450960065;8.1995439768213585e-08;1.6302528212737335e-06;988912.01588239172;5840.0158823916554;7623.9841176083401;996536;13464;1002376.0158823916;0.007640353740725029;0.065818568920336079;0.0076504853990305597;0.56624956310222319;0.98656745572003046;0.005792190539240418;40041493.553621806;40041493.553621814;40041493.553621814;2.4665599424045225e-21;1.8396496823179337e-24;40041493.553621806;4.0219079007160666e-05;0.0029843047702880119;4.032034911649724e-05;0.22088288313752855;7.1472270642004336e-09;3.9153929838675311e-05;0;0.010538218945352069;0.00010000000000000183;2.7029660657419939e-06;
986589;12411;1000;987589;13411;1000000;0.001;0.0086892300757097553;0.001012566968647889;0.074565655059279701;0.98658900000000005;0.012411;987108.35674643156;12367.430768987781;1036.423927027289;988144.78067345999;13403.854696015069;1000512.2114424481;0.0010368523233855941;0.0090066900434690837;0.0010491608075692035;0.077328634554066022;0.98659949857034401;0.012363649106271298;257477509.33952916;703477.49785484874;671362.37781150022;256784951.79990271;34885.017257008592;257291828.46744451;6.7197237103989994e-07;5.0635827519640416e-05;6.8658071844250934e-07;0.0037378252926906536;8.2956454060197292e-08;7.2638472902733039e-07;986551.96660675912;12373.966606757669;1037.033393242348;987589;13411;999962.96660675912;0.0010377438032286694;0.0090110217500767639;0.0010500657593820427;0.077327074285463385;0.98658849432353179;0.012373761873239984;672213.23129512754;672213.23129513336;672213.23129513289;8.9717729773175496e-21;1.730461841460934e-24;672213.23129512835;6.745432060431849e-07;5.075392691801609e-05;6.8921475826230733e-07;0.0037375303803621461;1.2107763867904769e-10;6.5658976033272238e-07;986508.12161545292;11767.195638008019;1636.6590580070774;988144.78067345999;13403.854696015069;999911.9763114677;0.0016400347916952409;0.014224542609259145;0.0016567862566617539;0.12214130266814159;0.98659142546919876;0.011768539739106566;259317233.26047295;3203300.6184790516;3154117.9836488743;256784951.79990286;34885.017257008541;259148619.90317553;3.1734598789096233e-06;0.00023798390471905631;3.227863422177238e-06;0.01755879582234425;8.3291813870755798e-08;3.1774077852279955e-06;982792.87193942082;8614.871939421404;4796.1280605786005;987589;13411;996203.8719394207;0.0048472430354323586;0.041674660190935207;0.0048564008515471664;0.35762643058523624;0.98653745616748434;0.0086153007970833292;46732462.248845935;46732462.248845398;46732462.248845398;5.3532482266471784e-21;5.8233515123733145e-25;46732462.248845935;4.7912841653927194e-05;0.0035284279797752165;4.7914413421743056e-05;0.25983421520529698;8.6001514475087193e-09;4.663760740093684e-05;0;0.0029999753336247496;1.0000000000000152e-06;4.7313039089976635e-06;
987112;2888;10000;997112;12888;1000000;0.01;0.088213542887871615;0.010028963647012572;0.77591558038485409;0.98711199999999999;0.0028879999999999999;987646.23909840221;2897.8079118498454;9996.3605678924432;997642.59966629534;12894.168479742304;1000540.4075781439;0.0099947458764272201;0.088144400107414395;0.010023158247404344;0.77523407305569103;0.98710941003668873;0.0028958440868847523;264301487.27309918;619002.37526802928;644957.21486072906;262573509.15512475;30007.490289612571;264294493.21927583;6.9393222524965136e-07;4.9763979684617967e-05;6.8575542855585728e-07;0.0037297365074148931;7.3333240993827776e-08;6.1433565340497094e-07;987120.7937549568;2896.7937549572393;9991.2062450427638;997112;12888;1000008.7937549569;0.0099917439788865178;0.088135970059865038;0.01002014442213389;0.77523325923671405;0.98711210535009775;0.0028961506710143449;619587.50096805184;619587.50096805568;619587.5009680551;7.6300727888667367e-21;2.0679515313825692e-24;619587.50096805138;6.3181609992336966e-07;4.8214001577839838e-05;6.2318180137757793e-07;0.0037301954951336909;1.0287716685148798e-10;6.1579452977178154e-07;987580.696283545;2832.2650969939218;10061.903382748356;997642.59966629534;12894.168479742304;1000474.8647632876;0.010061829060654531;0.088722849139604779;0.010089093781717349;0.78030916832399522;0.98710854944610193;0.0028296214932440212;265351542.03857771;1287822.4110702653;1317247.8675232176;262573509.15512484;30007.490289612604;265341077.36789379;1.3855709472587259e-06;0.00010226348905614833;1.3687426137889735e-06;0.0077689018357563408;7.3571790735831006e-08;1.279269375640975e-06;989717.85718933365;5493.8571893339404;7394.1428106660569;997112;12888;1002605.8571893338;0.0074068113070309156;0.065226353394774145;0.0074155589448988901;0.57372306103864557;0.98714509011471918;0.0054480985782413213;38660471.381676048;38660471.381675988;38660471.381675988;2.1277467635028025e-21;1.7867101231145399e-24;38660471.381676048;3.8794354293071031e-05;0.0030084145101117146;3.8884745350893482e-05;0.23275343024569581;6.3167957574793975e-09;3.7810608439067852e-05;0;0.010448562826093665;0.00010000000000000183;2.6240915729207692e-06;
987592;2408;10000;997592;12408;1000000;0.01;0.089881979554935099;0.010024138124604046;0.80593165699548674;0.98759200000000003;0.002408;988175.26164202858;2411.3494817466144;10001.549840983769;998176.8114830117;12412.899322730364;1000588.1609647585;0.0099992148535987656;0.089859312710282038;0.010022829024395496;0.80572025598887431;0.9875911271007296;0.0024096580456714578;264521108.85551056;543632.75794830045;566558.550130288;263226347.18470001;28179.922424049339;264496222.30671871;6.107689641754811e-07;4.5268370303445494e-05;6.030421994050184e-07;0.0035268360111837716;6.8583434605709223e-08;5.4071982204255968e-07;987594.6351482023;2410.6351482029108;9997.3648517970814;997592;12408;1000002.6351482023;0.0099978868515687418;0.08985829432124523;0.010021496615647552;0.80571928205972831;0.98759202596034157;0.0024100871880889472;543023.11298936955;543023.11298937281;543023.11298937211;8.9853255044736185e-21;1.5286297719979952e-24;543023.11298936955;5.537325310512142e-07;4.3869589695824814e-05;5.4564778882127652e-07;0.0035270754129462629;8.3572012496238161e-11;5.4021073030077377e-07;988155.14720429666;2391.2350440151936;10021.664278715167;998176.81148301181;12412.899322730362;1000568.0465270274;0.010020493789257718;0.090041673447300713;0.010043369352805746;0.80733918773944735;0.98759086070010493;0.0023886455106376177;265844593.94888479;1117003.4447897684;1140490.5440041048;263226347.18470025;28179.922424049379;265819146.0930602;1.2042496365172253e-06;9.2022782966075229e-05;1.1889455670629333e-06;0.0072593324633671357;6.8798060627525177e-08;1.1097480308418096e-06;990403.37003614195;5219.3700361420642;7188.6299638579294;997592;12408;1002811.3700361419;0.0071983050160664931;0.064612829143946754;0.0072059819684378613;0.57935444582994322;0.98762641923897998;0.0051752757449624867;37737199.016481705;37737199.016481742;37737199.016481742;2.3039296165316971e-21;3.6395946952333218e-25;37737199.016481705;3.7840782010382404e-05;0.0030487016068414274;3.7919599934330147e-05;0.24511285729949539;5.7111152581847472e-09;3.6916733871808846e-05;0;0.0103626947497745;0.00010000000000000183;2.514642953344575e-06;
987992;2008;10000;997992;12008;1000000;0.01;0.091348439012017793;0.010020120401766747;0.83277814790139904;0.98799199999999998;0.0020079999999999998;988624.85378083203;2027.6755903270694;9983.3456261745978;998608.19940700766;12011.021216501651;1000635.8749973353;0.0099800892172257349;0.091162177156214247;0.009999875493653566;0.83115937016759611;0.98799334358790525;0.0020265671948684993;264654398.13173878;487828.72463494219;510912.74288197857;264159283.05391774;25150.852310037091;264419944.61459437;5.4553312769176482e-07;4.1779126051974666e-05;5.3836176748984722e-07;0.0033843869925583351;6.5568192531480673e-08;4.8659355898248512e-07;988011.45082572312;2027.4508257207783;9980.5491742792074;997992;12008;1000019.4508257231;0.0099808474158181639;0.091170758755308903;0.010000630440203153;0.83115832563950731;0.98799222770715855;0.0020269248770225742;488030.5791474547;488030.57914745703;488030.57914745738;7.5758626802424629e-21;1.5815693312013888e-24;488030.57914745883;4.9751538782755089e-07;4.072389376083842e-05;4.8999642910979965e-07;0.0033845869572090947;7.0324253154152011e-11;4.8575568281925433e-07;988581.66593397292;1984.4877434658174;10026.533473035835;998608.19940700766;12011.021216501651;1000592.687150473;0.010024057778048644;0.09155500789550465;0.010043034347197013;0.83473535819589451;0.98799281900256442;0.0019831232193872998;264872209.43377343;945995.43962605984;975176.24542333034;264159283.0539175;25150.852310037084;264631659.12907878;1.0171280074683148e-06;8.0219294992821727e-05;1.0037318106417194e-06;0.0065634817669820546;6.5685639120578195e-08;9.4333529154676871e-07;990970.08744709054;4986.0874470911194;7021.9125529088806;997992;12008;1002978.0874470907;0.00702895090843105;0.064144075058712252;0.0070360409230824849;0.58476953305370416;0.98802732312623953;0.0049437259653397209;36777239.341531038;36777239.341531083;36777239.341531083;8.0095435492366636e-21;3.3087224502121109e-25;36777239.341531038;3.6861566074134926e-05;0.0030688904584171739;3.6925382793322325e-05;0.25505730566094958;5.2104159342224325e-09;3.5990274142706595e-05;0;0.010305601566271149;0.00010000000000000183;2.4770316299288856e-06;
988326;1674;10000;998326;11674;1000000;0.01;0.092630490679101202;0.010016768069748759;0.85660442007880766;0.98832600000000004;0.0016739999999999999;988934.34447342006;1693.1686859118779;9981.9695222554255;998916.31399567414;11675.138208167289;1000609.4826815862;0.0099787046863315503;0.092436561894299621;0.009995209789230422;0.85495855496989659;0.98832881934753802;0.0016924759661309629;262825692.36187699;420312.22874660761;442047.71429193113;262785364.90565175;23721.665390361326;262600500.43592098;4.7202406217134193e-07;3.6975259305039664e-05;4.6555449530054691e-07;0.0030870384286540249;6.1589381951567985e-08;4.2024649927190051e-07;988345.22449749091;1693.2244974928219;9980.7755025071729;998326;11674;1000019.2244974907;0.0099810080558584303;0.092452413215519308;0.0099975113364844728;0.8549576411261931;0.98832621951678645;0.0016927724273535563;420723.52129149204;420723.52129150263;420723.52129150246;8.9853255044736185e-21;1.730461841460934e-24;420723.5212914928;4.2891312807925328e-07;3.6099793851850149e-05;4.2213564850209152e-07;0.003087147746868437;5.7301497207009183e-11;4.1905531698795085e-07;988890.3999469874;1649.2241594796849;10025.914048687604;998916.31399567414;11675.138208167287;1000565.5381551548;0.010023158219123822;0.092841779224173096;0.010038937456064687;0.85871438203669537;0.98832830732032328;0.0016485344605524309;262579095.59439045;779968.29554824927;804189.89949934185;262785364.90565199;23721.665390361326;262351417.55002856;8.3589430194851659e-07;6.7674587323483267e-05;8.2431717597109409e-07;0.0057189532287703747;6.16061888801732e-08;7.7928362567614828e-07;991436.64029759623;4784.6402975964211;6889.3597024035744;998326;11674;1003110.6402975961;0.0068944635623146349;0.063816476969846297;0.0069009118288049492;0.59014559725917237;0.9883618950815517;0.0047436413561273748;36175632.94710391;36175632.947103895;36175632.947103903;2.087089182034596e-21;1.7635490659630551e-24;36175632.94710391;3.6245147273588198e-05;0.0031040168323411372;3.629705376875933e-05;0.26544635156448543;4.8422420982239389e-09;3.5412116546830935e-05;0;0.010252967337337181;0.00010000000000000183;2.427840411008467e-06;
988605;1395;10000;998605;11395;1000000;0.01;0.093744536713406448;0.010013969487434972;0.87757788503729706;0.98860499999999996;0.001395;989214.13434682565;1407.9523978922989;9989.3892577703009;999203.52360459452;11397.341655662609;1000611.4760024878;0.0099861334099355086;0.093613775875796834;0.0099998702769929521;0.87646380320591477;0.98860653119949404;0.0014073353905701819;263521118.08770767;344707.14514716598;361751.69277865882;263373664.00716996;21733.847631297969;263293700.79727417;3.9232300749211938e-07;3.1088710800774039e-05;3.8683854941107406e-07;0.0026521954710058146;5.8081962326177887e-08;3.4447221341069726e-07;988617.7008829182;1407.7008829179335;9987.299117082066;998605;11395;1000012.7008829181;0.0099875198324418431;0.093625472874907231;0.010001250862034601;0.8764632836403744;0.98860514080347339;0.0014073393640835949;344385.86968931305;344385.86968931562;344385.86968931573;9.5951892264967137e-21;1.7569316210626309e-24;344385.86968931305;3.5109520130566139e-07;3.0264761658381432e-05;3.4534872056244128e-07;0.0026522634766009676;4.4690046354419534e-11;3.4321765408691192e-07;989207.59485160327;1401.4129026694884;9995.9287529931316;999203.52360459452;11397.341655662609;1000604.9365072662;0.0099933541627366153;0.093674811817843914;0.010006708361202718;0.87700757817578223;0.98860644247158702;0.0014002033656761324;264416758.5120838;659584.22120256489;684461.83593672584;263373664.00716987;21733.847631297955;264181508.15454823;7.2653140084361552e-07;5.9411075604848219e-05;7.1625872179201403e-07;0.0050888102527463473;5.829336108202101e-08;6.5667984812112746e-07;991850.70540279069;4640.7054027906515;6754.2945972093457;998605;11395;1003245.7054027907;0.0067578333937487536;0.063317821784126024;0.0067637300005600979;0.5927419567537825;0.98864157870147007;0.0046005879047876135;35966553.957040228;35966553.95704022;35966553.95704022;8.2805940923580399e-21;1.790018845564752e-24;35966553.957040228;3.6025342781470087e-05;0.0031607544878805537;3.6067111009256439e-05;0.2769938776103511;4.5855774526435574e-09;3.521703968368542e-05;0;0.010196320069968557;0.00010000000000000183;2.3893147278007247e-06;
988636;10364;1000;989636;11364;1000000;0.001;0.0094296732652619994;0.0010104725373773792;0.087997184090109121;0.98863599999999996;0.010364;989244.82807300286;10341.465658809599;1022.018506312332;990266.84657931654;11363.484165121916;1000608.3122381264;0.0010223145024895065;0.0096334195297754898;0.0010324001453588954;0.089900058426275978;0.98864053024122689;0.010337155256282935;259301152.12059996;607740.47179596964;599400.35356103536;258602917.4720161;22305.594741882142;259364581.25403488;5.9918944882726242e-07;5.3171815084070343e-05;6.099848183819879e-07;0.0046387342462786245;5.4752393846534391e-08;6.1933108132697052e-07;988614.3772285881;10342.37722858807;1021.6227714119118;989636;11364;999978.37722858798;0.0010222443175624701;0.0096335689347657634;0.0010323217540711056;0.089899927086581566;0.9886357474681069;0.010342008214330409;599025.4564503096;599025.45645031589;599025.45645031612;7.6165202617106694e-21;1.2937104780329353e-24;599025.4564503096;6.0082359240817582e-07;5.3264587551301859e-05;6.1163778695701653e-07;0.0046385562624005668;7.7435707880622609e-11;5.8725915138453392e-07;988711.40768451476;9808.0452703199771;1555.4388948019589;990266.84657931642;11363.484165121919;1000074.8918496376;0.001558383062480776;0.014661702443269635;0.0015714377091783926;0.13681091642519053;0.98863443752900915;0.0098071794085087226;261142184.22406054;2675887.8814873029;2676807.8619010565;258602917.47201589;22305.594741882142;261196353.25884676;2.6991246937497849e-06;0.00023795357324102147;2.7362667224971013e-06;0.020707468695794155;5.5247576441625433e-08;2.6581251592030921e-06;985345.25839212339;7073.2583921229598;4290.7416078770366;989636;11364;996709.25839212351;0.004330098200209233;0.040460291427945501;0.0043356765597422171;0.37757317915144673;0.98859819456949416;0.0070717072303074875;35682656.732292555;35682656.732293338;35682656.732293338;5.1093027378379397e-21;3.3748968992163527e-25;35682656.732292555;3.6453294019351459e-05;0.0031728568011832742;3.6433946106089694e-05;0.27630880968811777;4.698195381527393e-09;3.5630309431044389e-05;0;0.0026652679066450457;1.0000000000000152e-06;3.4093909452674422e-06;
988837;1163;10000;998837;11163;1000000;0.01;0.094702670736891439;0.010011643541438693;0.89581653677326889;0.98883699999999997;0.001163;989454.74235105154;1177.5457051492026;9985.5737967920741;999440.31614784221;11163.119501941293;1000617.8618529936;0.0099818301961795992;0.094541845621345197;0.0099933160521661832;0.89451487711774913;0.98884074671656286;0.0011774230872573369;263092779.44605818;291521.62997665064;307973.34615233133;263742996.89472786;20966.379851950929;262861551.57700482;3.3018395748925482e-07;2.6600392918653806e-05;3.2548559858270033e-07;0.0023363184731608265;5.582722589403686e-08;2.9218678611621902e-07;988851.53454691672;1177.5345469161705;9985.4654530838343;998837;11163;1000014.5345469168;0.0099856140512621372;0.094565024695800096;0.0099970920711625871;0.89451450802506838;0.98883715900034175;0.0011772269483955407;291131.08358813188;291131.08358812641;291131.08358812652;9.2021659389707195e-21;1.6477437802056311e-24;291131.08358813252;2.9678363814124291e-07;2.611037026531505e-05;2.9180943764769479e-07;0.0023362898776938456;3.6254260941017772e-11;2.9025950477333151e-07;989445.75269767304;1168.5560517727763;9994.5634501685126;999440.31614784221;11163.119501941293;1000608.8721996164;0.0099910645533070937;0.094625883112469125;0.010002216012906632;0.89530876952671978;0.98884064415857709;0.0011682912881158542;263132667.37238735;543622.67701723264;562931.92792153708;263742996.8947275;20966.379851950929;262898581.96860465;5.8876663010581247e-07;4.9278869787721656e-05;5.8023275088836717e-07;0.0043579559612830993;5.5874272050209303e-08;5.4407412551348732e-07;992209.15464420465;4535.15464420444;6627.8453557955618;998837;11163;1003372.1546442048;0.0066299587855802112;0.062767465642494386;0.0066355625150005416;0.59373334728975724;0.98887424729709938;0.0044957939173143179;35808406.679498427;35808406.679498404;35808406.679498404;8.2941466195141088e-21;1.7834014006643278e-24;35808406.679498427;3.5861702972222494e-05;0.0032115112735108054;3.5891842559097238e-05;0.28735790431780694;4.3807655485610269e-09;3.5073362568902108e-05;0;0.010162196368982065;0.00010000000000000183;2.3507785612903447e-06;
989031;969;10000;999031;10969;1000000;0.01;0.095527189250754527;0.010009699398717356;0.91166013310237948;0.98903099999999999;0.00096900000000000003;989656.04767251248;983.47669957193511;9988.8974460027275;999644.94511851505;10972.374145574644;1000628.4218180872;0.0099859576510702795;0.095386077020735607;0.0099955325041844283;0.91035932369599992;0.98903153172063729;0.00098251062829302332;265365759.66151235;246861.85622906196;265780.23350389663;264151536.72489828;20734.073911572166;265170283.49078271;3.0523756011588177e-07;2.3951698920392893e-05;3.0101597090109072e-07;0.0020507211970309655;5.4361348019996825e-08;2.4553746178606125e-07;989045.27713002043;983.27713002313453;9985.7228699768657;999031;10969;1000014.2771300201;0.0099858292572187132;0.095390803840586749;0.0099954084207365592;0.9103585440766585;0.98903115389987817;0.00098301684290248346;246762.52394243056;246762.52394243004;246762.52394243024;7.3319171914332242e-21;1.4459117107426924e-24;246762.52394242794;2.5157800959330403e-07;2.2518175654412538e-05;2.4724144571414887e-07;0.0020509030487923679;2.9673173928816549e-11;2.4614320912915537e-07;989617.54162677075;944.97065383029133;10027.403491744353;999644.94511851505;10972.374145574644;1000589.9157723448;0.010024926009155324;0.095751943200128919;0.010033953747447486;0.91384365990457972;0.98903110653656157;0.00094396745428275539;265310412.2985324;443445.95820217323;468801.20412161644;264151536.72489831;20734.073911572104;265108499.25915861;5.0955871149429995e-07;4.2095656204097322e-05;5.0214244786023687e-07;0.003690366350904555;5.4433032729640731e-08;4.4149920234465029e-07;992476.02443566918;4414.0244356703879;6554.9755643296139;999031;10969;1003445.0244356692;0.0065560751442143824;0.062617839126778763;0.0065613334964877259;0.59759098954595802;0.98906840238787586;0.0043755224679211478;35525413.832526535;35525413.832526542;35525413.832526542;2.0193265462542519e-21;2.746239633676052e-25;35525413.832526535;3.5574366584924981e-05;0.0032418517046096276;3.5594362284916427e-05;0.29526031090416771;4.1959325808555086e-09;3.4805859097565489e-05;0;0.010134321631861122;0.00010000000000000183;2.3604157593042449e-06;
990348;8652;1000;991348;9652;1000000;0.001;0.010222998004062437;0.0010087275104201552;0.10360547036883548;0.99034800000000001;0.008652;990942.27817883925;8640.1149056975191;1009.7602085202644;991952.03838735749;9649.8751142178007;1000592.1532930578;0.0010098023741638366;0.010320461644033963;0.0010180702273996835;0.10463254280157415;0.99035337272526514;0.0086368249005704008;257914614.11035344;541698.39872930304;530510.3868268627;257678019.58670378;15886.804531232323;257930046.81820661;5.2980581180649618e-07;5.5319359072608585e-05;5.3755364544869318e-07;0.0056976254856201418;3.9486699500583728e-08;5.5255270767417574e-07;990338.09319282288;8642.0931928225637;1009.9068071774399;991348;9652;999990.093192823;0.0010104482426500291;0.010324275274064052;0.001018720779360468;0.10463186978630748;0.99034789925430644;0.0086416525030423297;530770.90541472542;530770.90541472274;530770.90541472286;7.0879717026239855e-21;8.2056316765260345e-25;530770.90541472519;5.3228823494970929e-07;5.5470701825781623e-05;5.4007595115181068e-07;0.0056973445206781083;4.9489531062461115e-11;5.2207269742036425e-07;990483.45007502078;8181.2868018809331;1468.5883123368521;991952.03838735726;9649.8751142178007;1000133.3251892398;0.0014707382342363663;0.015008856444745821;0.0014808501496969696;0.15213538463274442;0.99034892371413552;0.0081803380516275708;259265677.91812617;2230417.9410340725;2226919.0858020987;257678019.58670393;15886.804531232312;259273421.46930906;2.2419412214219931e-06;0.00023264591590640133;2.2666417359211872e-06;0.023894116022287283;3.9768825924938661e-08;2.2228796614760348e-06;987524.99647153099;5828.9964715311517;3823.0035284688411;991348;9652;997176.99647153099;0.003852799375142186;0.039082557441060345;0.0038563688315998634;0.39608407878873242;0.99032049228812957;0.005826708336714859;26727815.094609477;26727815.09460875;26727815.09460875;5.4345633895835913e-21;1.1415092453231781e-24;26727815.094609477;2.7220192592033037e-05;0.0027933156215659903;2.7196385506759553e-05;0.28689886601825743;2.5307990640385484e-09;2.6697789726964404e-05;0;0.0023873653931303523;1.0000000000000152e-06;2.4941871899037928e-06;
991780;7220;1000;992780;8220;1000000;0.001;0.011069744102261787;0.0010072725075041802;0.12165450121654502;0.99177999999999999;0.0072199999999999999;992366.22009440942;7196.6782858287188;1020.2426283788866;993386.46272278763;8216.9209142076052;1000583.1410086175;0.0010206282646497496;0.011293553915242642;0.0010275179114239881;0.12414165122149093;0.99178571161486262;0.0071936601204874344;261268198.50541371;513618.99914833409;508887.37062243233;260370133.54426169;9930.4488379197719;261219705.77735355;5.1033158874873724e-07;6.2305018832762885e-05;5.1629581317620052e-07;0.0075253419065464122;2.7816458707856209e-08;5.1673010459756205e-07;991759.566793798;7199.566793797615;1020.4332062023834;992780;8220;999979.566793798;0.0010209628474694772;0.011295934466110918;0.0010278543143520014;0.12414029272535054;0.99177982785753493;0.0071992092949942693;508472.354315201;508472.3543151893;508472.3543151893;8.3348042009823152e-21;7.6762360844920972e-25;508472.35431520053;5.0994550841292527e-07;6.2307813056887426e-05;5.1589498512018257e-07;0.0075252981321917824;3.438739291743375e-11;5.0160476677656216e-07;991980.59448989353;6811.0526813141587;1405.8682328934456;993386.46272278752;8216.9209142076052;1000197.5154041041;0.0014074047816991992;0.015559879475948566;0.0014152689516773727;0.1710886276330334;0.99178254173809621;0.0068100534802040986;261104362.97186172;1948996.4842519364;1940661.2549085813;260370133.54426199;9930.4488379197828;261059473.84461924;1.9491711792195595e-06;0.00023759446156081912;1.9659185196337209e-06;0.028735079787120702;2.7836051396207729e-08;1.9444724448235064e-06;989395.9774261557;4835.9774261554676;3384.0225738445333;992780;8220;997615.9774261557;0.0034065079751072155;0.037460263928736207;0.0034086329034071451;0.41168157832658575;0.99176023826617155;0.0048332537587143449;19945691.043138351;19945691.04313885;19945691.04313885;5.5294310796760723e-21;1.0587911840678754e-25;19945691.043138351;2.0258326835159189e-05;0.0024441297117914866;2.0236856333655191e-05;0.29519259066573805;1.3660891864672215e-09;1.9926978745354784e-05;0;0.002175162854867014;1.0000000000000152e-06;1.8941774929096559e-06;
992976;6024;1000;993976;7024;1000000;0.001;0.011967950917366001;0.0010060605085032235;0.14236902050113895;0.99297599999999997;0.0060239999999999998;993531.31093018316;6016.4618945156199;1011.9656503880328;994543.27658057294;7028.4275449036659;1000559.7384750879;0.0010124888823307679;0.012105463623689037;0.0010181496976394123;0.14394599737213676;0.99297358447534723;0.0060139266423223032;261305331.11214849;470660.31579805055;468989.55764063715;260118140.70441145;7454.0029275363222;261121786.17291909;4.7090270354861755e-07;6.7131041601951774e-05;4.7534266051775003e-07;0.0094897091989331137;2.1595155546292942e-08;4.7117872010193573e-07;992964.91706663102;6012.9170666307828;1011.0829333692282;993976;7024;999988.91706663091;0.0010115628542982857;0.012100590919949378;0.0010172106100843784;0.14394688686919541;0.992975918863647;0.0060125182820539537;468198.59736445511;468198.59736445971;468198.59736445994;7.1015242297800543e-21;4.5660369812927131e-25;468198.59736445441;4.694788072847818e-07;6.7060950874855537e-05;4.7389083734917502e-07;0.0094898883409432391;2.3116221297172118e-11;4.6291327387097631e-07;993190.99729900539;5676.1482633372661;1352.2792815663963;994543.27658057294;7028.4275449036641;1000219.4248439099;0.0013539358110556043;0.016171189812061691;0.0013601127163671797;0.19228984612582334;0.99297118523329198;0.0056748789556522461;261486570.28940031;1664837.8150465479;1674168.1445102061;260118140.70441148;7454.0029275363268;261292024.26255035;1.6821612444332029e-06;0.0002392337470253817;1.6934112459694802e-06;0.033821878106545272;2.1715389159279713e-08;1.6588927834131864e-06;990987.41116330295;4035.4111633029934;2988.588836697008;993976;7024;998011.41116330295;0.0030053397370100317;0.035767284509777765;0.003006701204754447;0.42548246536119105;0.99296192856511245;0.0040327316978678628;14664674.723412937;14664674.723412415;14664674.723412415;5.8275866771095862e-21;5.2112378590840744e-26;14664674.723412937;1.486062687507495e-05;0.0021004484779713326;1.4842964125160707e-05;0.29723738273634065;7.3170829892252604e-10;1.4652805050565765e-05;0;0.001982787054910078;1.0000000000000152e-06;1.4431967900094249e-06;
993975;5025;1000;994975;6025;1000000;0.001;0.012915623901764026;0.0010050503781502047;0.16597510373443983;0.99397500000000005;0.005025;994540.75575547304;5027.9786738072908;1001.9909083263157;995542.74666379986;6029.9695821336081;1000570.7253376066;0.0010024015935095399;0.012933726257566371;0.0010070610237939688;0.16612638370448873;0.9939718710593175;0.00502572734717342;261143752.62813359;407457.7886515673;406918.06707136479;260091422.75865698;5545.5545681808035;261084899.61548954;4.0874092615054249e-07;6.7806172978589251e-05;4.1185348764114642e-07;0.011174477632667977;1.5349556497436826e-08;4.0715964424392588e-07;993974.07985642389;5024.0798564223596;1000.9201435776425;994975;6025;999999.07985642389;0.0010013272225385566;0.012927508130148492;0.0010059751688008647;0.16612782466018919;0.99397499201147432;0.0050236807659887143;405648.07345372491;405648.07345371647;405648.07345371653;8.6871699070401045e-21;3.8960206851247601e-25;405648.07345372572;4.0667061463438647e-07;6.766751031046637e-05;4.0975577237675205e-07;0.01117468565496366;1.4732916913591845e-11;4.0178986213037513e-07;994227.99264571106;4715.2155640448791;1314.7540180887156;995542.74666379986;6029.9695821336081;1000257.9622278446;0.0013162209134891998;0.016966684219501701;0.0013211146962029087;0.21792059619747162;0.99396997903508033;0.0047138000514301065;261426331.72669947;1431666.9136588972;1439937.3797128361;260091422.75865686;5545.5545681808098;261358668.52642187;1.446251236300145e-06;0.00023948881466437762;1.4537377715878646e-06;0.039480784060198899;1.5433344877092857e-08;1.4259269061415576e-06;992345.31802303996;3395.3180230396506;2629.6819769603494;994975;6025;998370.31802303996;0.0026421358005982824;0.033963983395667439;0.0026429628653587651;0.43646173891458068;0.99396511601577797;0.0033927481836161406;10763092.805590253;10763092.805590248;10763092.805590248;1.043544591017298e-21;4.0531850015098358e-26;10763092.805590253;1.0885555811927199e-05;0.0017954274679376221;1.0872082709941655e-05;0.29649882903091801;3.9436335836543662e-10;1.0754910267659545e-05;0;0.0018146853272226434;1.0000000000000152e-06;1.0935426821026079e-06;
994809;4191;1000;995809;5191;1000000;0.001;0.013908697508566721;0.0010042086384035493;0.19264110961279138;0.99480900000000005;0.0041910000000000003;995353.88771520031;4191.470565961481;1000.8835404467519;996354.77125564741;5192.354106408221;1000546.2418216092;0.0010010797603840875;0.013915492795864693;0.0010049171210510007;0.1927139384252971;0.99480910931596489;0.0041898109236514569;260779379.12282866;376800.9691290913;376909.05545229936;260174278.12641618;4039.4294309118968;260731614.75957927;3.7790883899569231e-07;7.2854098841372781e-05;3.8015916806632944e-07;0.013976087024346259;1.1262932178651477e-08;3.7727469578126965e-07;994808.62244836171;4190.6224483606193;1000.3775516393744;995809;5191;999999.62244836171;0.0010007550007786685;0.013913948760112642;0.0010045877790212539;0.19271384157953675;0.9948089960847043;0.0041902489145150858;376604.73288203997;376604.73288203595;376604.73288203607;9.2157184661267884e-21;2.8868603378100664e-25;376604.73288203939;3.7753940459447741e-07;7.2854888465382717e-05;3.7978138982857312e-07;0.013976026512776791;1.0153042155296725e-11;3.7363385923653296e-07;995087.42838794482;3925.0112387054537;1267.3428677027791;996354.77125564741;5192.3541064082219;1000279.7824943546;0.0012686579516330634;0.017621963171490226;0.0012725447631886716;0.24405121349684822;0.99480772109088855;0.0039236209574785687;261520766.35371026;1182732.4032419387;1182760.8382364193;260174278.12641609;4039.4294309118986;261473081.64178976;1.1863108563741384e-06;0.00022841184007060813;1.1911302101520738e-06;0.043832887842381284;1.1296787592412546e-08;1.1760920137685291e-06;993476.49580106477;2858.4958010642936;2332.5041989357087;995809;5191;998667.49580106477;0.0023417347895305315;0.032442095340458429;0.0023423208656837796;0.44933619705946959;0.99480204201269451;0.0028562231977746146;7860307.952414358;7860307.9524143655;7860307.9524143664;1.0028870095490916e-21;3.5237894094758978e-25;7860307.952414358;7.9360595448113084e-06;0.0015205912437539443;7.9266095670219383e-06;0.29170072160496063;2.1342182067610609e-10;7.8539631062981102e-06;0;0.0016715258139947677;1.0000000000000152e-06;8.4848694403297105e-07;
995505;3495;1000;996505;4495;1000000;0.001;0.01494154168905882;0.0010035072578662425;0.22246941045606228;0.99550499999999997;0.0034949999999999998;996143.57637115673;3508.21448594188;987.11694541002043;997130.69331656524;4495.3314313518995;1000638.9078025088;0.00098729480891913404;0.0147461059231679;0.00099044527721351512;0.21956953519421288;0.9955063371335654;0.0035063680575148312;262521040.07710344;326780.49876758718;325773.02238405804;261748771.89664701;2965.6042545709283;262465379.28461608;3.2654618543903894e-07;7.2605420051500609e-05;3.2812286391534839e-07;0.016083896689951065;8.4895987656619607e-09;3.2550067349240953e-07;995518.03634507768;3508.0363450739569;986.96365492603923;996505;4495;1000013.0363450778;0.00098727595735249342;0.014746758595663319;0.00099042519096848025;0.21956922245295696;0.99550505713743687;0.0035076669052132364;324980.09340039431;324980.09340038634;324980.0934003861;8.2805940923580399e-21;1.613002194478404e-25;324980.09340039454;3.2569812414336857e-07;7.2551697973156516e-05;3.272636689121845e-07;0.016084122311176868;6.5675969792277899e-12;3.2277959070533527e-07;995938.91303887451;3303.5511536602762;1191.7802776916189;997130.69331656524;4495.3314313518995;1000434.2444702261;0.0011926574298656012;0.01780054702522001;0.0011956443029296862;0.26504051595207256;0.99550541415445126;0.0033019284156833046;262715181.41902676;998286.92259199882;1000019.7068043442;261748771.89664716;2965.6042545709283;262656780.36594376;1.0052579568017782e-06;0.00022305872991875678;1.0083352442339305e-06;0.049383436791772303;8.5140523583509395e-09;9.9653114974002677e-07;994472.12286263192;2462.122862631893;2032.8771373681068;996505;4495;998967.12286263192;0.0020396588034047973;0.030374318496719958;0.0020400069616992424;0.45225297827989008;0.99550033140226613;0.0024600097943187614;5725591.4029164556;5725591.4029164584;5725591.4029164594;6.9117888495950903e-22;3.4245277359695344e-25;5725591.4029164556;5.7720899841491264e-06;0.0012782363800674511;5.7658240835753989e-06;0.28337462601092939;1.1639232139671525e-10;5.7203671267625828e-06;0;0.0015586477761481998;1.0000000000000152e-06;6.7541023694299754e-07;
996085;2915;1000;997085;3915;1000000;0.001;0.016005455025279312;0.0010029235220668248;0.2554278416347382;0.996085;0.0029150000000000001;996718.60898708343;2929.011905899953;987.79534172350975;997706.40432880598;3916.807247623462;1000635.4162347078;0.00098827655438851573;0.015805731947783796;0.00099088978410808684;0.25214335390516601;0.99608467049726923;0.0029270529483415172;263789785.43115863;290446.66765609087;290888.77412191516;262363380.36362356;2159.1373548302181;263830108.87793973;2.9244387517505409e-07;7.4502887230075052e-05;2.9354089631419611e-07;0.018929875145769725;6.0307775506032039e-09;2.8712893596922381e-07;996097.85656875465;2927.8565687570067;987.14343124299205;997085;3915;1000012.8565687548;0.00098742102878533159;0.015799679792259606;0.00099002936684735145;0.25214391602630709;0.99608504919747365;0.0029275297737398429;290147.12671409396;290147.12671408826;290147.1267140882;8.3619092552944529e-21;1.3689839137752609e-25;290147.12671409396;2.9076164076922483e-07;7.4328321389951989e-05;2.9184610965129536e-07;0.018930179906283609;4.4476693031600256e-12;2.8849169918056279e-07;996517.72559231683;2728.1285111325606;1188.6787364909039;997706.40432880598;3916.8072476234611;1000434.5328399398;0.0011900857665369303;0.019021078693010111;0.0011925172642721317;0.30342210457488533;0.99608387986190938;0.0027260343715536104;264587341.31026331;855463.72399403632;857054.06282413774;262363380.36362347;2159.137354830219;264626516.52468014;8.6344193075786041e-07;0.00021963713798992096;8.6544647469714648e-07;0.055779089630490858;6.0519060686862119e-09;8.5098046266724951e-07;995280.63582381071;2110.6358238106222;1804.3641761893762;997085;3915;999195.63582381082;0.001809403702640378;0.028879669671224416;0.0018096392746750662;0.46088484704709515;0.99608183435014741;0.0021087619472056288;4220691.6086753048;4220691.6086750561;4220691.6086750571;6.1935049103234443e-21;9.9675263812639832e-26;4220691.6086753048;4.2496893596336156e-06;0.0010812339447586914;4.2454062529576659e-06;0.27537219611997604;6.5005868253114588e-11;4.2165125396417961e-06;0;0.0014666998383199346;1.0000000000000152e-06;5.5465437970811495e-07;
996570;2430;1000;997570;3430;1000000;0.001;0.017095478058644732;0.0010024359192838598;0.29154518950437319;0.99656999999999996;0.0024299999999999999;997179.15459593839;2442.9140216308747;988.13013399145098;998167.28472993325;3431.044155622325;1000610.1987515627;0.00098848567919705048;0.01688769371372811;0.00099063113796108446;0.28792032582892868;0.99657017464408737;0.0024413396767153975;262609796.49603951;275207.8861799853;276288.14379230328;261473458.11604562;1639.1211482443859;262658160.09199774;2.7745664164661541e-07;8.0649390727434382e-05;2.7823160443898374e-07;0.023403663020242608;4.5504602826896837e-09;2.7262643480500376e-07;996582.43290313159;2442.4329031299549;987.56709687004604;997570;3430;1000012.4329031316;0.00098783029709596944;0.016882931635981258;0.00098997273060541383;0.28792043640526088;0.99657004170037855;0.0024421280025234589;275344.88849318877;275344.88849319238;275344.88849319238;9.1072982488782378e-21;1.0877425055072314e-25;275344.88849318877;2.7592187714703405e-07;8.0471022278945896e-05;2.766879581551015e-07;0.023403929357086961;3.2397106314924365e-12;2.7403418371358154e-07;997031.05411525036;2294.8135409390588;1136.2306146832648;998167.28472993325;3431.0441556223254;1000462.0982708717;0.0011376237680149597;0.019425444178941036;0.001139518423748139;0.33117780259593982;0.99656966298825878;0.0022927132437254765;263855512.61611483;738321.41450519196;737630.47005388013;261473458.11604545;1639.1211482443862;263905647.41413626;7.4304819735365896e-07;0.00021588476747935135;7.4430467067796571e-07;0.062661042945467316;4.5609252596349274e-09;7.3378244670621163e-07;995972.92517284863;1832.9251728483518;1597.0748271516477;997570;3430;999402.92517284863;0.0016008261110085768;0.0273027576655849;0.0016009651725208656;0.46561948313459117;0.99656794122521142;0.0018312326637773965;3145188.6383474693;3145188.6383474693;3145188.6383474693;4.3368086899420178e-22;9.6780131668704244e-26;3145188.6383474693;3.1632602715891866e-06;0.00091919826938863735;3.1605301522729858e-06;0.26733662320524987;3.7141121385156769e-11;3.141619125534667e-06;0;0.0013794298575791513;1.0000000000000152e-06;4.6643287338149487e-07;
996974;2026;1000;997974;3026;1000000;0.001;0.018197256834889226;0.0010020301130089563;0.33046926635822871;0.99697400000000003;0.002026;997617.8709863883;2047.8416076224953;980.74180887361501;998598.61279526073;3028.5834164961116;1000646.4544028859;0.00098086829268396406;0.017835976136939966;0.00098262959806687733;0.32378059053448033;0.99697255441566524;0.0020465772916513549;263051704.21466807;252100.00223752292;252376.98906139674;262270733.52076814;1371.7808383645554;263002718.41634315;2.530627997256949e-07;8.3376609905207511e-05;2.5357874744095676e-07;0.027447609264098595;3.928215504649098e-09;2.5060576767859043e-07;996994.23784896825;2046.2378489664814;979.76215103352047;997974;3026;1000020.2378489682;0.00097999350103950564;0.017828983499460459;0.00098175117892201598;0.32378127925760675;0.99697406047918458;0.0020459460197738283;251332.41087418792;251332.41087419144;251332.41087419129;9.1208507760343066e-21;9.0369481921418273e-26;251332.41087418937;2.5184373333294726e-07;8.3226253823886204e-05;2.5235391309901938e-07;0.027447996508142541;2.3014462747737321e-12;2.5032339914072952e-07;997473.90816815337;1903.8787893880308;1124.7046271080769;998598.61279526073;3028.5834164961116;1000502.4915846484;0.0011250992195262566;0.02044650372617815;0.0011266546805484873;0.37110404229633176;0.99697211656091056;0.0019027842195621649;262873098.94480953;601951.70534310106;607016.37158972782;262270733.52076817;1371.780838364557;262819325.46706104;6.094394830450592e-07;0.00020035905961524815;6.1017108789246508e-07;0.065854657172139328;3.9441422507028176e-09;6.0113480718664964e-07;996548.17604331276;1600.1760433128125;1425.8239566871871;997974;3026;999574.17604331276;0.0014286075028028331;0.025946084741174942;0.0014287185404501356;0.47119099692240163;0.99697270432938134;0.0015986881678300216;2352146.1066020122;2352146.1066020103;2352146.1066020103;4.472333961502706e-22;1.8611563782443121e-27;2352146.1066020122;2.3633150335911694e-06;0.00077889002941573023;2.3617060454600803e-06;0.25687772578193052;2.1596894662250494e-11;2.3490481363966155e-06;0;0.0013195436014826454;1.0000000000000152e-06;4.1131526997358348e-07;
997311;1689;1000;998311;2689;1000000;0.001;0.019300638240731575;0.0010016918575473975;0.37188545927854222;0.99731099999999995;0.001689;997956.95560256334;1704.887178107982;986.29682919008837;998943.25243175367;2691.1840072980663;1000648.1396098621;0.00098619640733270007;0.019024515001157736;0.00098765089109048728;0.36649624157976518;0.99730983486277303;0.0017039687298951423;263454251.50062716;230273.69172045495;229855.30980845232;263109873.30469939;1042.7235975326134;263419697.57080883;2.3030308078483153e-07;8.545562584375494e-05;2.3061619649903184e-07;0.031706384245944179;3.0393923173844907e-09;2.2973627290435187e-07;997325.49151012267;1703.4915101200629;985.50848987993652;998311;2689;1000014.4915101228;0.00098572349296498891;0.019020942846342336;0.00098717582985656527;0.36649627738190343;0.99731103835117496;0.0017032381558587711;229262.13205258152;229262.13205258528;229262.13205258528;7.8062556418956313e-21;5.3559944662808544e-26;229262.13205258152;2.2972743942883201e-07;8.5403499784689513e-05;2.3003854602526695e-07;0.031706676561380945;1.6577778071792243e-12;2.2849485727732049e-07;997826.67840702995;1574.6099825734393;1116.5740247246292;998943.25243175356;2691.1840072980663;1000517.862414328;0.0011164078412458699;0.021527762527910586;0.0011176620156364535;0.41470032633137255;0.99730948443131739;0.0015741077274358261;262700778.22448304;517561.21628691832;520797.07277908083;263109873.30469936;1042.7235975326139;262662570.05626002;5.2149862500920608e-07;0.00019317954196844403;5.2190917736394896e-07;0.071576684295344278;3.0459537459850032e-09;5.1808121993607529e-07;997039.0231478624;1417.0231478624344;1271.9768521375656;998311;2689;999728.0231478624;0.0012740540657953368;0.024549965073691917;0.0012741288557749613;0.47302969584885296;0.99731026380479693;0.0014156821293924001;1801748.1198566894;1801748.1198568775;1801748.1198568775;6.4916605077569575e-21;3.3087224502121108e-27;1801748.1198566894;1.8087348591577206e-06;0.00067117754593229472;1.8078498794583703e-06;0.24917959355047475;1.3052339398281716e-11;1.7990302530829675e-06;0;0.0012656680392302013;1.0000000000000152e-06;3.5978545438699484e-07;
997592;1408;1000;998592;2408;1000000;0.001;0.020392840265096954;0.001001409985259245;0.41528239202657807;0.99759200000000003;0.001408;998202.88240447117;1437.855211649879;971.8218569074121;999174.70426137839;2409.677068557291;1000612.5594730277;0.00097163449381620958;0.01980619359675171;0.00097282049339878645;0.40328973385391614;0.99759115084227534;0.0014372146639081635;261440821.889202;214514.31851807024;214363.97028839507;261325116.75329489;866.60441439898364;261403151.78202596;2.1429526766446523e-07;8.8853011260434816e-05;2.1451772986063784e-07;0.036855992618817217;2.4758232309651948e-09;2.1393917720495913e-07;997620.87885618594;1436.8788561828383;971.12114381716015;998592;2408;1000028.8788561858;0.00097130616548652391;0.019803918363921615;0.00097249041031488527;0.40328951155197712;0.99759206902572761;0.0014366248087856943;213709.04300857603;213709.04300857679;213709.04300857682;1.0205052948519811e-20;4.4047367618448723e-26;213709.04300857603;2.1409229495186179e-07;8.8874738209712099e-05;2.1431212107546029e-07;0.036856147250129923;1.2389273712742193e-12;2.1306349542519868e-07;998113.09635670995;1348.069163889694;1061.6079046675982;999174.70426137827;2409.677068557291;1000522.7734252688;0.0010614460283866786;0.021629834838007778;0.0010624528134004069;0.44039818544026138;0.99759093431571144;0.0013476196559017704;261043008.45607844;428355.19706005271;430345.73386266985;261325116.75329456;866.60441439898341;261003197.46387026;4.3097180865471326e-07;0.00017833584933628696;4.3122984431357551e-07;0.073833214940710074;2.4799498330186267e-09;4.2861924534307989e-07;997435.25466838491;1251.2546683852188;1156.7453316147812;998592;2408;999843.25466838502;0.0011583176427978777;0.023589322775016876;0.0011583763254810616;0.48037596827856366;0.99759161915197014;0.0012500632052379551;1413365.64189387;1413365.6418940162;1413365.6418940162;6.5458706163812328e-21;9.5952951056151215e-26;1413365.64189387;1.4177713471338134e-06;0.00058777344959094974;1.4173541011894824e-06;0.24374828263036721;8.2044789543157377e-12;1.4109583859706335e-06;0;0.0012084555115652784;1.0000000000000152e-06;3.2936125276902335e-07;
997826;1174;1000;998826;2174;1000000;0.001;0.021459782241719148;0.0010011753798959979;0.45998160073597055;0.99782599999999999;0.0011739999999999999;998442.55967028288;1200.8929255676064;974.98110630615372;999417.54077658709;2175.8740318737578;1000618.4337021548;0.00097463457796616022;0.020907145883476409;0.00097561469170300778;0.44808248560866643;0.99782489181881473;0.0012004736032184076;261769667.27272919;192908.51949200456;192795.56362471258;261946640.14412129;668.70588018836486;261748714.10016292;1.9260966630050636e-07;8.850251771340951e-05;1.9271595090045049e-07;0.040706199386216085;1.9537302688137943e-09;1.9276730416542616e-07;997851.86852201039;1199.8685220097962;974.13147799020271;998826;2174;1000025.8685220105;0.00097429817173073625;0.020904649392473707;0.00097527645254549236;0.44808255657323076;0.99782605581995554;0.0011996460083145589;192388.67227801739;192388.67227801323;192388.67227801317;1.0774259089074701e-20;4.0325054861960101e-26;192388.67227801739;1.9273610859146771e-07;8.8599264974989362e-05;1.928411976216352e-07;0.040706186493978204;9.0910492542554207e-13;1.9189983827565786e-07;998363.30338691233;1121.6366421981561;1054.2373896756039;999417.54077658697;2175.8740318737578;1000539.1774187854;0.001053879910576113;0.022599830112241835;0.0010546977721490576;0.48431668125701455;0.99782471915843518;0.001121400930988931;261364324.84380582;367559.38740420988;369600.75430062431;261946640.14412114;668.70588018836452;261341217.34847617;3.6947202479757456e-07;0.00016934901055807019;3.6959011525937553e-07;0.077689044838108554;1.9573315549049142e-09;3.6775424941826487e-07;997772.58541071997;1120.5854107202254;1053.4145892797744;998826;2174;999946.58541071997;0.0010546093992191378;0.022606047696193992;0.0010546527516101605;0.48455132901553571;0.99782588139775696;0.0011195092030125209;1140000.0547413956;1140000.0547413966;1140000.0547413966;4.3368086899420178e-22;2.4815418376590831e-27;1140000.0547413956;1.1427936708926978e-06;0.00052499539461231363;1.1426814959634405e-06;0.24120471482016331;5.3903721650070687e-12;1.1378351582868117e-06;0;0.0011719458111524611;1.0000000000000152e-06;3.0455636665791111e-07;
998022;978;1000;999022;1978;1000000;0.001;0.022495690604281918;0.0010009789574203572;0.50556117290192115;0.99802199999999996;0.00097799999999999992;998640.03030764591;995.47051931395526;983.97623461339015;999624.00654225959;1979.4467539273448;1000619.4770615728;0.0009842270621058869;0.022125990810472798;0.00098503772857517721;0.49704645222953092;0.99802125115204421;0.00099452178585043198;263086463.88018829;169912.59318531022;170264.87484008493;262014024.2487312;534.17818352069207;263069988.78971153;1.7139726565257254e-07;8.6128118591685774e-05;1.71414096571027e-07;0.043341735804398214;1.5952014915418182e-09;1.6866060024091998e-07;998038.84128062357;994.84128062239063;983.15871937760858;999022;1978;1000016.8412806236;0.00098331161196403604;0.022116834366020681;0.00098412118990133675;0.4970468753172958;0.99802203297665526;0.00099465541138108208;169575.51135232698;169575.51135232736;169575.51135232736;1.1600963245594897e-20;3.9963163343968151e-26;169575.51135232497;1.6989245047682475e-07;8.581472121207143e-05;1.6990768827661149e-07;0.04334216097812222;6.6337408267310746e-13;1.6922169073993264e-07;998558.62236372894;914.06257539644457;1065.3841785309025;999624.00654225959;1979.4467539273448;1000538.0691176549;0.0010655460326375503;0.023950923146226058;0.0010661879927766299;0.53809060394049157;0.99802109061881761;0.00091336334854563706;262549398.04476023;335653.6545669997;336935.02401031059;262014024.2487312;534.1781835206915;262531993.86649549;3.3841842394794594e-07;0.00017031197628354213;3.3840985860436805e-07;0.085813913650919713;1.5955185807625286e-09;3.3533026517821582e-07;998061.22156212863;1017.2215621289125;960.77843787108736;999022;1978;1000039.2215621286;0.00096168072620204492;0.021613374477613276;0.00096171899905216887;0.48573227394898255;0.9980220757198115;0.0010162435539941826;940626.56841871678;940626.56841871643;940626.56841871643;4.7433845046240824e-22;2.5901092930566679e-26;940626.56841871678;9.4239495904334151e-07;0.00047600980878547122;9.4246913659322856e-07;0.24041671951085619;3.6797420352797889e-12;9.3867424871747775e-07;0;0.0011436726473057299;1.0000000000000152e-06;2.8126581893482929e-07;
